2 984.575 2.90265e-19 0.0327651 0.00546085 
3 946.041 5.03871e-19 0.0666445 0.00555371 
4 909.503 8.00639e-19 0.109146 0.00545731 
5 884.748 1.15724e-18 0.159689 0.00532295 
6 869.804 1.56947e-18 0.2176 0.00518095 
7 862.261 2.03477e-18 0.282311 0.00504127 
8 860.198 2.55067e-18 0.353238 0.00490609 
9 861.727 3.11438e-18 0.429444 0.0047716 
10 867.306 3.72482e-18 0.511307 0.00464824 
11 874.667 4.37718e-18 0.597154 0.0045239 
12 883.987 5.07396e-18 0.686733 0.00440214 
13 894.058 5.80478e-18 0.778559 0.0042778 
14 905.777 6.57571e-18 0.873225 0.00415822 
15 919.007 7.38784e-18 0.970417 0.00404341 
16 931.71 8.21923e-18 1.06647 0.00392085 
17 944.511 9.07353e-18 1.16137 0.00379533 
18 958.492 9.96536e-18 1.25668 0.00367452 
19 973.952 1.0903e-17 1.35311 0.00356082 
20 990.201 1.18779e-17 1.44901 0.00345002 
21 1005.95 1.28636e-17 1.54027 0.00333391 
22 1021.36 1.3858e-17 1.62617 0.00321377 
23 1036.91 1.48681e-17 1.7073 0.00309294 
24 1052.83 1.58985e-17 1.78391 0.00297318 
25 1069.09 1.69476e-17 1.85534 0.00285437 
26 1085.48 1.80079e-17 1.92012 0.00273522 
27 1102.12 1.90815e-17 1.9782 0.00261667 
28 1119.15 2.01719e-17 2.02973 0.00249967 
29 1136.52 2.12778e-17 2.07419 0.00238412 
30 1154.02 2.23898e-17 2.10993 0.00226874 
31 1171.37 2.34932e-17 2.13459 0.0021518 
32 1188.68 2.45891e-17 2.14805 0.00203414 
33 1206.15 2.56844e-17 2.15103 0.00191714 
34 1223.98 2.67861e-17 2.14435 0.00180197 
35 1242.26 2.79011e-17 2.12875 0.00168948 
36 1261.09 2.90348e-17 2.10481 0.00158019 
37 1280.47 3.01899e-17 2.07273 0.00147421 
38 1300.35 3.13654e-17 2.03219 0.00137125 
39 1320.59 3.25548e-17 1.98205 0.00127055 
40 1340.99 3.37442e-17 1.92014 0.00117082 
41 1361.34 3.49162e-17 1.84377 0.00107072 
42 1381.64 3.60686e-17 1.75251 0.000970383 
43 1401.99 3.72045e-17 1.64669 0.000870341 
44 1422.46 3.8327e-17 1.52665 0.000771034 
45 1443.11 3.9439e-17 1.39273 0.000672817 
46 1463.98 4.05429e-17 1.24521 0.000575954 
47 1485.09 4.16402e-17 1.08423 0.0004806 
48 1506.47 4.27311e-17 0.909749 0.000386798 
49 1528.08 4.38139e-17 0.721445 0.000294467 
50 1549.9 4.48845e-17 0.518654 0.000203394 
51 1571.89 4.59377e-17 0.300581 0.000113341 
52 1594.08 4.69747e-17 0.0673835 2.44498e-05 
53 1616.51 4.79984e-17 -0.180513 -6.30724e-05 
54 1639.2 4.90112e-17 -0.442726 -0.000149066 
55 1662.18 5.00149e-17 -0.718949 -0.000233425 
56 1685.45 5.10103e-17 -1.00899 -0.000316099 
57 1709.03 5.19972e-17 -1.31281 -0.000397099 
58 1732.9 5.29737e-17 -1.63059 -0.000476502 
59 1757.03 5.39361e-17 -1.96276 -0.000554451 
60 1781.39 5.48783e-17 -2.31006 -0.000631164 
61 1805.94 5.57937e-17 -2.67332 -0.000706853 
62 1830.7 5.66824e-17 -3.05238 -0.000781459 
63 1855.7 5.75461e-17 -3.44682 -0.000854865 
64 1880.94 5.83865e-17 -3.85621 -0.000926975 
65 1906.45 5.92049e-17 -4.28019 -0.000997712 
66 1932.24 6.00024e-17 -4.71839 -0.00106703 
67 1958.32 6.07791e-17 -5.17056 -0.00113489 
68 1984.68 6.15347e-17 -5.6365 -0.0012013 
69 2011.32 6.22679e-17 -6.11615 -0.00126628 
70 2038.23 6.29764e-17 -6.60958 -0.0013299 
71 2065.39 6.36575e-17 -7.11687 -0.00139219 
72 2092.82 6.43119e-17 -7.63764 -0.00145313 
73 2120.54 6.49413e-17 -8.17135 -0.00151265 
74 2148.54 6.55468e-17 -8.71752 -0.00157072 
75 2176.83 6.61292e-17 -9.27569 -0.00162731 
76 2205.43 6.66891e-17 -9.84546 -0.00168241 
77 2234.33 6.72263e-17 -10.4265 -0.00173601 
78 2263.52 6.774e-17 -11.0185 -0.00178814 
79 2293 6.82286e-17 -11.6214 -0.00183882 
80 2322.76 6.86894e-17 -12.235 -0.00188812 
81 2352.78 6.912e-17 -12.8594 -0.00193608 
82 2383.08 6.95209e-17 -13.4941 -0.00198268 
83 2413.65 6.98934e-17 -14.1385 -0.00202789 
84 2444.52 7.02388e-17 -14.7919 -0.00207169 
85 2475.66 7.0558e-17 -15.4538 -0.00211406 
86 2507.1 7.08516e-17 -16.1236 -0.00215499 
87 2538.83 7.112e-17 -16.8009 -0.00219448 
88 2570.85 7.1363e-17 -17.4852 -0.00223254 
89 2603.15 7.158e-17 -18.1762 -0.00226919 
90 2635.73 7.17697e-17 -18.8735 -0.00230445 
91 2668.57 7.19309e-17 -19.5767 -0.00233836 
92 2701.69 7.2064e-17 -20.2854 -0.0023709 
93 2735.07 7.21701e-17 -20.9989 -0.00240207 
94 2768.72 7.22498e-17 -21.7166 -0.00243187 
95 2802.64 7.23036e-17 -22.4379 -0.00246029 
96 2836.82 7.23315e-17 -23.1622 -0.00248735 
97 2871.25 7.23335e-17 -23.8891 -0.00251305 
98 2905.94 7.23086e-17 -24.6181 -0.00253742 
99 2940.86 7.22557e-17 -25.3488 -0.00256048 
100 2976.02 7.21731e-17 -26.0809 -0.00258227 
101 3011.39 7.20591e-17 -26.8141 -0.00260281 
102 3046.98 7.19148e-17 -27.5477 -0.00262209 
103 3082.79 7.17419e-17 -28.2808 -0.00264011 
104 3118.82 7.15422e-17 -29.0128 -0.00265685 
105 3155.07 7.13175e-17 -29.7428 -0.00267231 
106 3191.54 7.10693e-17 -30.47 -0.00268648 
107 3228.23 7.07993e-17 -31.1937 -0.00269935 
108 3265.13 7.05089e-17 -31.9132 -0.00271094 
109 3302.24 7.01994e-17 -32.6277 -0.00272124 
110 3339.55 6.9872e-17 -33.3364 -0.00273025 
111 3377.06 6.95277e-17 -34.0387 -0.00273799 
112 3414.76 6.91673e-17 -34.7339 -0.00274446 
113 3452.65 6.87912e-17 -35.4214 -0.00274968 
114 3490.71 6.83997e-17 -36.1006 -0.00275367 
115 3528.93 6.79927e-17 -36.7709 -0.00275644 
116 3567.31 6.75697e-17 -37.4318 -0.00275801 
117 3605.82 6.71299e-17 -38.0828 -0.00275842 
118 3644.45 6.6672e-17 -38.7236 -0.0027577 
119 3683.2 6.61942e-17 -39.3538 -0.00275587 
120 3722.03 6.56942e-17 -39.9731 -0.00275297 
121 3760.94 6.517e-17 -40.5812 -0.00274903 
122 3799.92 6.46223e-17 -41.1775 -0.00274407 
123 3838.96 6.40527e-17 -41.7612 -0.00273808 
124 3878.06 6.34627e-17 -42.3317 -0.00273108 
125 3917.21 6.28538e-17 -42.8882 -0.00272306 
126 3956.4 6.22273e-17 -43.43 -0.00271404 
127 3995.63 6.15847e-17 -43.9565 -0.00270402 
128 4034.9 6.09274e-17 -44.467 -0.00269301 
129 4074.19 6.02565e-17 -44.9608 -0.00268102 
130 4113.49 5.95733e-17 -45.4372 -0.00266807 
131 4152.8 5.88789e-17 -45.8957 -0.00265416 
132 4192.1 5.81741e-17 -46.3357 -0.00263931 
133 4231.39 5.74599e-17 -46.7565 -0.00262353 
134 4270.65 5.67368e-17 -47.1577 -0.00260684 
135 4309.88 5.60054e-17 -47.5386 -0.00258925 
136 4349.06 5.52661e-17 -47.8989 -0.00257079 
137 4388.17 5.45188e-17 -48.238 -0.00255146 
138 4427.21 5.37636e-17 -48.5555 -0.0025313 
139 4466.16 5.30001e-17 -48.851 -0.00251033 
140 4505.01 5.22276e-17 -49.1241 -0.00248856 
141 4543.73 5.14457e-17 -49.3746 -0.00246602 
142 4582.33 5.06554e-17 -49.6018 -0.00244272 
143 4620.79 4.98582e-17 -49.8053 -0.00241867 
144 4659.1 4.90554e-17 -49.9845 -0.0023939 
145 4697.26 4.82482e-17 -50.139 -0.0023684 
146 4735.25 4.74381e-17 -50.2682 -0.0023422 
147 4773.07 4.66261e-17 -50.3717 -0.0023153 
148 4810.7 4.58135e-17 -50.449 -0.00228773 
149 4848.14 4.50012e-17 -50.4997 -0.0022595 
150 4885.37 4.41902e-17 -50.5235 -0.00223062 
151 4922.38 4.33814e-17 -50.5199 -0.00220111 
152 4959.17 4.25756e-17 -50.4886 -0.00217099 
153 4995.71 4.17732e-17 -50.4292 -0.00214028 
154 5032 4.09748e-17 -50.3415 -0.00210898 
155 5068.03 4.01808e-17 -50.2251 -0.00207714 
156 5103.77 3.93913e-17 -50.08 -0.00204475 
157 5139.23 3.86063e-17 -49.9057 -0.00201184 
158 5174.37 3.78256e-17 -49.7022 -0.00197843 
159 5209.2 3.70489e-17 -49.4694 -0.00194455 
160 5243.69 3.62755e-17 -49.207 -0.00191021 
161 5277.84 3.5505e-17 -48.9151 -0.00187543 
162 5311.62 3.47383e-17 -48.5933 -0.00184024 
163 5345.04 3.39765e-17 -48.2415 -0.00180464 
164 5378.08 3.32207e-17 -47.8595 -0.00176864 
165 5410.73 3.24722e-17 -47.4471 -0.00173228 
166 5442.99 3.17318e-17 -47.0041 -0.00169555 
167 5474.85 3.10007e-17 -46.5304 -0.00165848 
168 5506.29 3.02797e-17 -46.0258 -0.00162108 
169 5537.31 2.95698e-17 -45.4902 -0.00158337 
170 5567.89 2.88717e-17 -44.9237 -0.00154536 
171 5598.03 2.81861e-17 -44.326 -0.00150707 
172 5627.72 2.75138e-17 -43.6973 -0.00146852 
173 5656.95 2.68553e-17 -43.0374 -0.00142972 
174 5685.7 2.6211e-17 -42.3464 -0.00139069 
175 5713.97 2.55814e-17 -41.6244 -0.00135144 
176 5741.75 2.49665e-17 -40.8713 -0.001312 
177 5769.02 2.43667e-17 -40.0873 -0.00127237 
178 5795.78 2.37819e-17 -39.2725 -0.00123258 
179 5822.01 2.32119e-17 -38.427 -0.00119265 
180 5847.71 2.26565e-17 -37.5511 -0.00115258 
181 5872.86 2.21155e-17 -36.6448 -0.0011124 
182 5897.46 2.15896e-17 -35.7084 -0.00107213 
183 5921.49 2.10796e-17 -34.7419 -0.00103178 
184 5944.95 2.05864e-17 -33.7456 -0.000991351 
185 5967.84 2.01107e-17 -32.7196 -0.000950874 
186 5990.15 1.96532e-17 -31.6641 -0.000910358 
187 6011.87 1.92146e-17 -30.5793 -0.000869817 
188 6032.99 1.87956e-17 -29.4655 -0.000829267 
189 6053.5 1.83966e-17 -28.323 -0.00078872 
190 6073.41 1.80181e-17 -27.1519 -0.000748193 
191 6092.7 1.76607e-17 -25.9527 -0.000707698 
192 6111.36 1.73245e-17 -24.7256 -0.00066725 
193 6129.4 1.701e-17 -23.471 -0.000626863 
194 6146.8 1.67171e-17 -22.1892 -0.000586551 
195 6163.55 1.64461e-17 -20.8807 -0.000546328 
196 6179.65 1.6197e-17 -19.5457 -0.000506208 
197 6195.1 1.59695e-17 -18.1848 -0.000466204 
198 6209.89 1.57636e-17 -16.7983 -0.000426331 
199 6224 1.55789e-17 -15.3867 -0.000386601 
200 6237.44 1.5415e-17 -13.9505 -0.000347028 
201 6250.2 1.52714e-17 -12.4902 -0.000307626 
202 6262.27 1.51488e-17 -11.0063 -0.000268406 
203 6273.66 1.50475e-17 -9.49916 -0.000229382 
204 6284.35 1.49682e-17 -7.96941 -0.000190564 
205 6294.34 1.49114e-17 -6.41753 -0.000151966 
206 6303.64 1.48777e-17 -4.84408 -0.000113599 
207 6312.24 1.48674e-17 -3.24959 -7.54736e-05 
208 6320.13 1.48809e-17 -1.63464 -3.76022e-05 
209 6327.32 1.49187e-17 0.000189119 4.30893e-09 
210 6333.8 1.4981e-17 1.65431 3.73349e-05 
211 6339.57 1.50681e-17 3.32711 7.43788e-05 
212 6344.63 1.51803e-17 5.01798 0.000111125 
213 6348.97 1.53177e-17 6.72628 0.000147564 
214 6352.6 1.54804e-17 8.45137 0.000183686 
215 6355.51 1.56685e-17 10.1926 0.000219479 
216 6357.71 1.58819e-17 11.9493 0.000254935 
217 6359.18 1.61207e-17 13.7208 0.000290044 
218 6359.94 1.63846e-17 15.5065 0.000324798 
219 6359.98 1.66734e-17 17.3056 0.000359186 
220 6359.29 1.69868e-17 19.1174 0.0003932 
221 6357.89 1.73246e-17 20.9412 0.000426832 
222 6355.76 1.76861e-17 22.7764 0.000460074 
223 6352.92 1.8071e-17 24.6222 0.000492917 
224 6349.36 1.84786e-17 26.4779 0.000525355 
225 6345.07 1.89081e-17 28.3427 0.000557379 
226 6340.07 1.9359e-17 30.216 0.000588982 
227 6334.36 1.98312e-17 32.0969 0.000620157 
228 6327.92 2.03249e-17 33.9846 0.000650896 
229 6320.78 2.08403e-17 35.8783 0.000681191 
230 6312.93 2.13775e-17 37.7773 0.000711034 
231 6304.37 2.19365e-17 39.6806 0.00074042 
232 6295.11 2.25174e-17 41.5875 0.000769341 
233 6285.14 2.31202e-17 43.4971 0.00079779 
234 6274.48 2.37449e-17 45.4087 0.000825762 
235 6263.13 2.43915e-17 47.3213 0.000853251 
236 6251.09 2.50598e-17 49.2342 0.00088025 
237 6238.37 2.57498e-17 51.1465 0.000906756 
238 6224.96 2.64612e-17 53.0574 0.000932762 
239 6210.88 2.7194e-17 54.9661 0.000958265 
240 6196.13 2.79478e-17 56.8717 0.000983259 
241 6180.72 2.87224e-17 58.7735 0.00100774 
242 6164.65 2.95175e-17 60.6705 0.00103171 
243 6147.92 3.03326e-17 62.5621 0.00105515 
244 6130.55 3.11674e-17 64.4475 0.00107808 
245 6112.54 3.20214e-17 66.3257 0.00110048 
246 6093.9 3.28941e-17 68.1961 0.00112235 
247 6074.63 3.3785e-17 70.0579 0.00114369 
248 6054.74 3.46934e-17 71.9103 0.0011645 
249 6034.24 3.56185e-17 73.7525 0.00118478 
250 6013.14 3.65599e-17 75.584 0.00120453 
251 5991.45 3.75166e-17 77.4038 0.00122374 
252 5969.16 3.84885e-17 79.2111 0.00124241 
253 5946.3 3.94753e-17 81.005 0.00126054 
254 5922.86 4.0477e-17 82.7847 0.00127813 
255 5898.85 4.14931e-17 84.5492 0.00129518 
256 5874.28 4.25236e-17 86.2977 0.00131167 
257 5849.16 4.35681e-17 88.0293 0.00132762 
258 5823.5 4.46263e-17 89.7431 0.00134302 
259 5797.3 4.5698e-17 91.4383 0.00135786 
260 5770.57 4.67827e-17 93.114 0.00137215 
261 5743.33 4.78803e-17 94.7695 0.00138588 
262 5715.57 4.89901e-17 96.4038 0.00139906 
263 5687.32 5.0112e-17 98.0163 0.00141169 
264 5658.57 5.12453e-17 99.6061 0.00142376 
265 5629.34 5.23898e-17 101.172 0.00143527 
266 5599.64 5.35448e-17 102.715 0.00144624 
267 5569.48 5.47099e-17 104.232 0.00145665 
268 5538.87 5.58845e-17 105.724 0.00146651 
269 5507.82 5.70682e-17 107.189 0.00147582 
270 5476.34 5.82602e-17 108.628 0.00148459 
271 5444.44 5.94599e-17 110.038 0.00149282 
272 5412.13 6.06668e-17 111.421 0.0015005 
273 5379.43 6.18801e-17 112.775 0.00150765 
274 5346.35 6.3099e-17 114.1 0.00151426 
275 5312.9 6.43229e-17 115.394 0.00152035 
276 5279.09 6.55511e-17 116.659 0.00152591 
277 5244.93 6.6783e-17 117.892 0.00153095 
278 5210.44 6.80182e-17 119.094 0.00153547 
279 5175.62 6.92565e-17 120.263 0.00153947 
280 5140.48 7.04973e-17 121.399 0.00154295 
281 5105.04 7.17402e-17 122.502 0.00154592 
282 5069.31 7.29849e-17 123.571 0.00154839 
283 5033.3 7.42308e-17 124.605 0.00155035 
284 4997.02 7.54775e-17 125.603 0.00155181 
285 4960.49 7.67246e-17 126.566 0.00155277 
286 4923.71 7.79715e-17 127.493 0.00155324 
287 4886.7 7.92179e-17 128.383 0.00155322 
288 4849.47 8.04631e-17 129.236 0.00155272 
289 4812.03 8.17067e-17 130.051 0.00155174 
290 4774.41 8.29482e-17 130.829 0.00155029 
291 4736.6 8.41871e-17 131.569 0.00154838 
292 4698.63 8.54227e-17 132.271 0.00154601 
293 4660.5 8.66546e-17 132.934 0.00154319 
294 4622.24 8.78821e-17 133.558 0.00153993 
295 4583.85 8.91048e-17 134.144 0.00153624 
296 4545.35 9.0322e-17 134.691 0.00153211 
297 4506.76 9.15331e-17 135.199 0.00152757 
298 4468.09 9.27376e-17 135.668 0.00152261 
299 4429.36 9.39348e-17 136.098 0.00151726 
300 4390.58 9.5124e-17 136.489 0.00151151 
301 4351.76 9.63047e-17 136.842 0.00150538 
302 4312.92 9.74764e-17 137.156 0.00149887 
303 4274.06 9.86387e-17 137.43 0.00149198 
304 4235.19 9.97912e-17 137.664 0.00148472 
305 4196.33 1.00934e-16 137.857 0.00147709 
306 4157.48 1.02065e-16 138.01 0.0014691 
307 4118.65 1.03186e-16 138.121 0.00146073 
308 4079.85 1.04295e-16 138.191 0.00145201 
309 4041.09 1.05392e-16 138.218 0.00144293 
310 4002.38 1.06477e-16 138.204 0.0014335 
311 3963.72 1.0755e-16 138.146 0.00142372 
312 3925.13 1.08609e-16 138.046 0.00141359 
313 3886.61 1.09655e-16 137.902 0.00140313 
314 3848.18 1.10687e-16 137.715 0.00139233 
315 3809.85 1.11705e-16 137.484 0.00138119 
316 3771.61 1.12708e-16 137.209 0.00136974 
317 3733.5 1.13697e-16 136.891 0.00135796 
318 3695.5 1.1467e-16 136.528 0.00134587 
319 3657.64 1.15627e-16 136.121 0.00133347 
320 3619.91 1.16568e-16 135.669 0.00132077 
321 3582.34 1.17493e-16 135.174 0.00130777 
322 3544.94 1.18401e-16 134.634 0.00129448 
323 3507.7 1.19292e-16 134.05 0.00128091 
324 3470.64 1.20165e-16 133.421 0.00126706 
325 3433.77 1.2102e-16 132.749 0.00125294 
326 3397.11 1.21858e-16 132.032 0.00123855 
327 3360.65 1.22677e-16 131.272 0.00122391 
328 3324.41 1.23477e-16 130.468 0.00120903 
329 3288.41 1.24259e-16 129.621 0.0011939 
330 3252.64 1.2502e-16 128.732 0.00117854 
331 3217.12 1.25763e-16 127.799 0.00116295 
332 3181.86 1.26485e-16 126.824 0.00114715 
333 3146.88 1.27187e-16 125.808 0.00113114 
334 3112.17 1.27869e-16 124.751 0.00111494 
335 3077.75 1.2853e-16 123.652 0.00109855 
336 3043.63 1.29171e-16 122.514 0.00108197 
337 3009.82 1.2979e-16 121.336 0.00106523 
338 2976.33 1.30388e-16 120.119 0.00104832 
339 2943.18 1.30964e-16 118.864 0.00103127 
340 2910.36 1.31519e-16 117.572 0.00101408 
341 2877.89 1.32051e-16 116.244 0.000996755 
342 2845.79 1.32562e-16 114.879 0.000979314 
343 2814.06 1.33051e-16 113.481 0.000961766 
344 2782.71 1.33517e-16 112.048 0.000944122 
345 2751.75 1.33961e-16 110.584 0.000926393 
346 2721.19 1.34382e-16 109.087 0.000908591 
347 2691.05 1.3478e-16 107.561 0.000890729 
348 2661.33 1.35156e-16 106.005 0.000872818 
349 2632.05 1.3551e-16 104.422 0.000854871 
350 2603.21 1.3584e-16 102.813 0.000836901 
351 2574.82 1.36147e-16 101.179 0.000818919 
352 2546.89 1.36432e-16 99.5203 0.00080093 
353 2519.43 1.36693e-16 97.8375 0.000782938 
354 2492.43 1.36931e-16 96.131 0.000764948 
355 2465.9 1.37146e-16 94.401 0.000746962 
356 2439.84 1.37337e-16 92.6481 0.000728984 
357 2414.26 1.37504e-16 90.8725 0.000711019 
358 2389.16 1.37647e-16 89.0748 0.00069307 
359 2364.54 1.37765e-16 87.2554 0.000675142 
360 2340.4 1.3786e-16 85.4146 0.000657238 
361 2316.76 1.37931e-16 83.5531 0.000639362 
362 2293.6 1.37977e-16 81.6713 0.000621519 
363 2270.93 1.37998e-16 79.7696 0.000603712 
364 2248.76 1.37996e-16 77.8487 0.000585946 
365 2227.08 1.37968e-16 75.9091 0.000568224 
366 2205.9 1.37916e-16 73.9513 0.000550552 
367 2185.22 1.3784e-16 71.9758 0.000532933 
368 2165.04 1.37739e-16 69.9834 0.000515372 
369 2145.37 1.37613e-16 67.9747 0.000497874 
370 2126.19 1.37463e-16 65.9502 0.000480441 
371 2107.53 1.37288e-16 63.9106 0.00046308 
372 2089.36 1.37089e-16 61.8566 0.000445794 
373 2071.71 1.36865e-16 59.789 0.000428589 
374 2054.56 1.36618e-16 57.7083 0.000411467 
375 2037.92 1.36346e-16 55.6154 0.000394436 
376 2021.78 1.3605e-16 53.5111 0.000377498 
377 2006.16 1.3573e-16 51.396 0.000360659 
378 1991.04 1.35386e-16 49.271 0.000343923 
379 1976.43 1.35019e-16 47.137 0.000327295 
380 1962.32 1.34628e-16 44.9948 0.00031078 
381 1948.72 1.34215e-16 42.8452 0.000294384 
382 1935.63 1.33778e-16 40.6891 0.00027811 
383 1923.04 1.33319e-16 38.5275 0.000261964 
384 1910.96 1.32838e-16 36.3613 0.00024595 
385 1899.37 1.32334e-16 34.1914 0.000230075 
386 1888.29 1.31809e-16 32.0189 0.000214342 
387 1877.71 1.31262e-16 29.8447 0.000198758 
388 1867.62 1.30695e-16 27.6699 0.000183327 
389 1858.03 1.30107e-16 25.4956 0.000168055 
390 1848.93 1.29498e-16 23.3227 0.000152946 
391 1840.32 1.2887e-16 21.1525 0.000138007 
392 1832.2 1.28223e-16 18.9861 0.000123242 
393 1824.56 1.27556e-16 16.8246 0.000108656 
394 1817.4 1.26872e-16 14.6692 9.42568e-05 
395 1810.73 1.2617e-16 12.5211 8.0048e-05 
396 1804.52 1.2545e-16 10.3816 6.60356e-05 
397 1798.79 1.24714e-16 8.25191 5.22253e-05 
398 1793.53 1.23962e-16 6.13334 3.86226e-05 
399 1788.73 1.23195e-16 4.02722 2.52332e-05 
400 1784.39 1.22413e-16 1.93489 1.20629e-05 
401 1780.51 1.21617e-16 -0.142398 -8.8335e-07 
402 1777.07 1.20808e-16 -2.20388 -1.36037e-05 
403 1774.09 1.19985e-16 -4.24894 -2.60972e-05 
404 1771.55 1.19148e-16 -6.27692 -3.83628e-05 
405 1769.46 1.18298e-16 -8.28721 -5.03996e-05 
406 1767.81 1.17435e-16 -10.2792 -6.22068e-05 
407 1766.59 1.1656e-16 -12.2522 -7.37836e-05 
408 1765.8 1.15672e-16 -14.2057 -8.51291e-05 
409 1765.45 1.14771e-16 -16.1389 -9.62427e-05 
410 1765.51 1.13859e-16 -18.0514 -0.000107124 
411 1766 1.12934e-16 -19.9425 -0.000117772 
412 1766.9 1.11998e-16 -21.8115 -0.000128186 
413 1768.21 1.11051e-16 -23.658 -0.000138365 
414 1769.93 1.10092e-16 -25.4812 -0.000148311 
415 1772.05 1.09123e-16 -27.2807 -0.000158021 
416 1774.57 1.08143e-16 -29.0558 -0.000167495 
417 1777.47 1.07153e-16 -30.8059 -0.000176734 
418 1780.76 1.06153e-16 -32.5304 -0.000185737 
419 1784.43 1.05144e-16 -34.2289 -0.000194504 
420 1788.48 1.04125e-16 -35.9007 -0.000203035 
421 1792.88 1.03097e-16 -37.5453 -0.00021133 
422 1797.65 1.02061e-16 -39.1621 -0.000219388 
423 1802.78 1.01016e-16 -40.7506 -0.00022721 
424 1808.25 9.99633e-17 -42.3103 -0.000234796 
425 1814.06 9.89031e-17 -43.8406 -0.000242146 
426 1820.2 9.78358e-17 -45.341 -0.000249261 
427 1826.67 9.67616e-17 -46.8111 -0.00025614 
428 1833.45 9.56811e-17 -48.2503 -0.000262784 
429 1840.55 9.45946e-17 -49.6582 -0.000269194 
430 1847.94 9.35025e-17 -51.0342 -0.000275369 
431 1855.64 9.24053e-17 -52.3779 -0.000281311 
432 1863.61 9.13034e-17 -53.6889 -0.00028702 
433 1871.87 9.01973e-17 -54.9667 -0.000292497 
434 1880.39 8.90874e-17 -56.2108 -0.000297742 
435 1889.17 8.79742e-17 -57.4209 -0.000302757 
436 1898.2 8.68582e-17 -58.5965 -0.000307542 
437 1907.47 8.57398e-17 -59.7373 -0.000312097 
438 1916.97 8.46197e-17 -60.8429 -0.000316425 
439 1926.69 8.34982e-17 -61.9128 -0.000320526 
440 1936.62 8.2376e-17 -62.9468 -0.000324401 
441 1946.75 8.12535e-17 -63.9445 -0.000328052 
442 1957.08 8.01314e-17 -64.9055 -0.000331479 
443 1967.58 7.90101e-17 -65.8296 -0.000334684 
444 1978.24 7.78904e-17 -66.7165 -0.000337668 
445 1989.07 7.67726e-17 -67.5659 -0.000340434 
446 2000.04 7.56576e-17 -68.3774 -0.000342981 
447 2011.14 7.45458e-17 -69.151 -0.000345313 
448 2022.36 7.34379e-17 -69.8863 -0.00034743 
449 2033.7 7.23345e-17 -70.5831 -0.000349335 
450 2045.13 7.12364e-17 -71.2413 -0.000351029 
451 2056.64 7.0144e-17 -71.8606 -0.000352514 
452 2068.24 6.90578e-17 -72.4409 -0.000353791 
453 2079.91 6.7978e-17 -72.9819 -0.000354863 
454 2091.65 6.69049e-17 -73.4835 -0.000355732 
455 2103.46 6.58388e-17 -73.9454 -0.000356398 
456 2115.33 6.478e-17 -74.3676 -0.000356864 
457 2127.26 6.37287e-17 -74.7499 -0.000357132 
458 2139.24 6.26853e-17 -75.0922 -0.000357205 
459 2151.26 6.16501e-17 -75.3945 -0.000357083 
460 2163.33 6.06232e-17 -75.6565 -0.00035677 
461 2175.43 5.9605e-17 -75.8784 -0.000356267 
462 2187.57 5.85957e-17 -76.0601 -0.000355577 
463 2199.73 5.75957e-17 -76.2015 -0.000354703 
464 2211.92 5.66052e-17 -76.3026 -0.000353646 
465 2224.11 5.56245e-17 -76.3636 -0.00035241 
466 2236.32 5.46538e-17 -76.3845 -0.000350996 
467 2248.54 5.36934e-17 -76.3654 -0.000349409 
468 2260.75 5.27436e-17 -76.3063 -0.00034765 
469 2272.95 5.18047e-17 -76.2074 -0.000345722 
470 2285.14 5.08768e-17 -76.0689 -0.000343628 
471 2297.31 4.99603e-17 -75.891 -0.000341372 
472 2309.46 4.90554e-17 -75.6738 -0.000338955 
473 2321.57 4.81624e-17 -75.4177 -0.000336383 
474 2333.65 4.72814e-17 -75.1228 -0.000333657 
475 2345.68 4.64129e-17 -74.7894 -0.00033078 
476 2357.66 4.55569e-17 -74.418 -0.000327757 
477 2369.58 4.47138e-17 -74.0088 -0.000324591 
478 2381.43 4.38838e-17 -73.5621 -0.000321285 
479 2393.22 4.30671e-17 -73.0785 -0.000317843 
480 2404.93 4.2264e-17 -72.5584 -0.000314269 
481 2416.55 4.14746e-17 -72.0022 -0.000310566 
482 2428.08 4.06992e-17 -71.4104 -0.000306738 
483 2439.51 3.99381e-17 -70.7836 -0.000302789 
484 2450.83 3.91914e-17 -70.1223 -0.000298723 
485 2462.04 3.84593e-17 -69.4271 -0.000294545 
486 2473.12 3.77421e-17 -68.6987 -0.000290257 
487 2484.08 3.704e-17 -67.9377 -0.000285866 
488 2494.9 3.63531e-17 -67.1448 -0.000281374 
489 2505.57 3.56816e-17 -66.3208 -0.000276787 
490 2516.09 3.50258e-17 -65.4664 -0.000272108 
491 2526.45 3.43858e-17 -64.5825 -0.000267343 
492 2536.64 3.37618e-17 -63.6699 -0.000262496 
493 2546.65 3.3154e-17 -62.7294 -0.000257571 
494 2556.48 3.25625e-17 -61.7621 -0.000252575 
495 2566.11 3.19876e-17 -60.7688 -0.00024751 
496 2575.54 3.14292e-17 -59.7505 -0.000242384 
497 2584.76 3.08877e-17 -58.7084 -0.0002372 
498 2593.76 3.03632e-17 -57.6435 -0.000231964 
499 2602.52 2.98557e-17 -56.5568 -0.000226681 
500 2611.05 2.93655e-17 -55.4497 -0.000221356 
501 2619.34 2.88926e-17 -54.3231 -0.000215995 
502 2627.37 2.84372e-17 -53.1776 -0.000210599 
503 2635.16 2.79993e-17 -52.0134 -0.000205171 
504 2642.7 2.75791e-17 -50.831 -0.000199713 
505 2649.98 2.71767e-17 -49.6308 -0.000194227 
506 2657.02 2.67922e-17 -48.4131 -0.000188714 
507 2663.81 2.64256e-17 -47.1784 -0.000183177 
508 2670.34 2.60769e-17 -45.9271 -0.000177618 
509 2676.63 2.57464e-17 -44.6597 -0.00017204 
510 2682.66 2.5434e-17 -43.3767 -0.000166443 
511 2688.44 2.51397e-17 -42.0785 -0.000160831 
512 2693.97 2.48637e-17 -40.7656 -0.000155205 
513 2699.24 2.46059e-17 -39.4386 -0.000149569 
514 2704.27 2.43664e-17 -38.098 -0.000143924 
515 2709.04 2.41451e-17 -36.7444 -0.000138272 
516 2713.55 2.39421e-17 -35.3783 -0.000132616 
517 2717.82 2.37574e-17 -34.0004 -0.000126959 
518 2721.83 2.35909e-17 -32.6112 -0.000121303 
519 2725.58 2.34427e-17 -31.2115 -0.000115649 
520 2729.08 2.33127e-17 -29.8017 -0.000110002 
521 2732.33 2.32008e-17 -28.3827 -0.000104363 
522 2735.33 2.3107e-17 -26.9551 -9.87345e-05 
523 2738.07 2.30312e-17 -25.5197 -9.31197e-05 
524 2740.55 2.29734e-17 -24.077 -8.75211e-05 
525 2742.79 2.29334e-17 -22.6281 -8.19412e-05 
526 2744.77 2.29112e-17 -21.1735 -7.63828e-05 
527 2746.49 2.29067e-17 -19.7141 -7.08487e-05 
528 2747.97 2.29197e-17 -18.2507 -6.53416e-05 
529 2749.19 2.29501e-17 -16.7842 -5.98644e-05 
530 2750.16 2.29978e-17 -15.3154 -5.44198e-05 
531 2750.87 2.30625e-17 -13.8452 -4.90108e-05 
532 2751.34 2.31442e-17 -12.3745 -4.36403e-05 
533 2751.55 2.32426e-17 -10.9042 -3.83113e-05 
534 2751.51 2.33576e-17 -9.43539 -3.30267e-05 
535 2751.22 2.34889e-17 -7.96892 -2.77895e-05 
536 2750.68 2.36364e-17 -6.50584 -2.26029e-05 
537 2749.89 2.37997e-17 -5.04717 -1.74699e-05 
538 2748.85 2.39787e-17 -3.59396 -1.23937e-05 
539 2747.56 2.41731e-17 -2.14729 -7.37749e-06 
540 2746.03 2.43825e-17 -0.708262 -2.42439e-06 
541 2744.25 2.46068e-17 0.722 2.4623e-06 
542 2742.22 2.48457e-17 2.14234 7.2793e-06 
543 2739.94 2.50987e-17 3.55159 1.20233e-05 
544 2737.42 2.53655e-17 4.94852 1.66909e-05 
545 2734.65 2.56459e-17 6.33192 2.12788e-05 
546 2731.64 2.59395e-17 7.70053 2.57834e-05 
547 2728.39 2.62458e-17 9.05305 3.02014e-05 
548 2724.9 2.65645e-17 10.3882 3.45292e-05 
549 2721.16 2.68951e-17 11.7046 3.87632e-05 
550 2717.18 2.72373e-17 13.0008 4.28999e-05 
551 2712.97 2.75907e-17 14.2758 4.69363e-05 
552 2708.52 2.7955e-17 15.5288 5.08714e-05 
553 2703.84 2.83302e-17 16.7595 5.47049e-05 
554 2698.93 2.87162e-17 17.9675 5.84367e-05 
555 2693.79 2.91129e-17 19.1525 6.20664e-05 
556 2688.43 2.95201e-17 20.3139 6.55938e-05 
557 2682.86 2.99377e-17 21.4514 6.90187e-05 
558 2677.07 3.03656e-17 22.5647 7.23408e-05 
559 2671.07 3.08036e-17 23.6533 7.55599e-05 
560 2664.87 3.12515e-17 24.7168 7.86758e-05 
561 2658.47 3.17093e-17 25.7548 8.16882e-05 
562 2651.86 3.21767e-17 26.767 8.45971e-05 
563 2645.07 3.26535e-17 27.753 8.74022e-05 
564 2638.09 3.31396e-17 28.7123 9.01033e-05 
565 2630.92 3.36348e-17 29.6447 9.27004e-05 
566 2623.58 3.41388e-17 30.5496 9.51932e-05 
567 2616.05 3.46516e-17 31.4268 9.75816e-05 
568 2608.36 3.51727e-17 32.2758 9.98656e-05 
569 2600.51 3.57022e-17 33.0962 0.000102045 
570 2592.49 3.62396e-17 33.8878 0.000104119 
571 2584.31 3.67847e-17 34.65 0.000106089 
572 2575.99 3.73374e-17 35.3826 0.000107954 
573 2567.52 3.78973e-17 36.0852 0.000109714 
574 2558.91 3.84642e-17 36.7574 0.000111369 
575 2550.16 3.90378e-17 37.3988 0.000112919 
576 2541.28 3.96179e-17 38.0091 0.000114364 
577 2532.28 4.0204e-17 38.5878 0.000115704 
578 2523.16 4.0796e-17 39.1348 0.000116938 
579 2513.93 4.13934e-17 39.6495 0.000118068 
580 2504.58 4.19961e-17 40.1317 0.000119092 
581 2495.14 4.26036e-17 40.5809 0.000120012 
582 2485.59 4.32156e-17 40.9969 0.000120826 
583 2475.96 4.38317e-17 41.3793 0.000121535 
584 2466.24 4.44516e-17 41.7278 0.00012214 
585 2456.44 4.5075e-17 42.042 0.000122639 
586 2446.57 4.57014e-17 42.3215 0.000123034 
587 2436.64 4.63304e-17 42.5661 0.000123324 
588 2426.64 4.69616e-17 42.7755 0.00012351 
589 2416.59 4.75947e-17 42.9492 0.000123591 
590 2406.49 4.82291e-17 43.087 0.000123568 
591 2396.35 4.88645e-17 43.1886 0.000123441 
592 2386.17 4.95004e-17 43.2536 0.00012321 
593 2375.97 5.01364e-17 43.2818 0.000122875 
594 2365.75 5.07719e-17 43.2728 0.000122437 
595 2355.51 5.14065e-17 43.2263 0.000121895 
596 2345.27 5.20397e-17 43.1421 0.00012125 
597 2335.03 5.2671e-17 43.0198 0.000120502 
598 2324.79 5.32998e-17 42.8592 0.000119651 
599 2314.57 5.39257e-17 42.66 0.000118698 
600 2304.37 5.4548e-17 42.4219 0.000117642 
601 2294.2 5.51664e-17 42.1446 0.000116485 
602 2284.06 5.57805e-17 41.8283 0.000115227 
603 2273.96 5.63904e-17 41.4729 0.00011387 
604 2263.89 5.69957e-17 41.0786 0.000112415 
605 2253.87 5.75963e-17 40.6454 0.000110862 
606 2243.9 5.81922e-17 40.1736 0.000109214 
607 2233.98 5.87832e-17 39.6632 0.000107472 
608 2224.11 5.93691e-17 39.1144 0.000105637 
609 2214.29 5.99497e-17 38.5274 0.00010371 
610 2204.54 6.05249e-17 37.9023 0.000101694 
611 2194.85 6.10946e-17 37.2393 9.95885e-05 
612 2185.23 6.16586e-17 36.5387 9.73961e-05 
613 2175.69 6.22168e-17 35.8007 9.5118e-05 
614 2166.21 6.27689e-17 35.0255 9.27559e-05 
615 2156.82 6.33149e-17 34.2135 9.03112e-05 
616 2147.51 6.38545e-17 33.3648 8.77855e-05 
617 2138.29 6.43876e-17 32.4798 8.51804e-05 
618 2129.15 6.49141e-17 31.5588 8.24977e-05 
619 2120.12 6.54337e-17 30.6022 7.97388e-05 
620 2111.18 6.59463e-17 29.6102 7.69056e-05 
621 2102.34 6.64518e-17 28.5833 7.39998e-05 
622 2093.61 6.69499e-17 27.5219 7.1023e-05 
623 2085 6.74406e-17 26.4263 6.79772e-05 
624 2076.49 6.79235e-17 25.297 6.4864e-05 
625 2068.11 6.83986e-17 24.1344 6.16853e-05 
626 2059.85 6.88657e-17 22.939 5.84431e-05 
627 2051.72 6.93245e-17 21.7113 5.5139e-05 
628 2043.72 6.9775e-17 20.4518 5.17752e-05 
629 2035.86 7.02169e-17 19.1611 4.83535e-05 
630 2028.14 7.065e-17 17.8395 4.4876e-05 
631 2020.57 7.10743e-17 16.4879 4.13445e-05 
632 2013.14 7.14893e-17 15.1066 3.77612e-05 
633 2005.87 7.18951e-17 13.6964 3.41281e-05 
634 1998.75 7.22914e-17 12.2578 3.04473e-05 
635 1991.81 7.2678e-17 10.7915 2.6721e-05 
636 1985.02 7.30547e-17 9.29826 2.29512e-05 
637 1978.41 7.34214e-17 7.77869 1.91402e-05 
638 1971.98 7.37778e-17 6.23352 1.52902e-05 
639 1965.73 7.41237e-17 4.66352 1.14034e-05 
640 1959.67 7.4459e-17 3.06944 7.48205e-06 
641 1953.8 7.47834e-17 1.45207 3.52853e-06 
642 1948.12 7.50968e-17 -0.187767 -4.54856e-07 
643 1942.65 7.53988e-17 -1.84923 -4.46576e-06 
644 1937.38 7.56895e-17 -3.53147 -8.50177e-06 
645 1932.33 7.59684e-17 -5.23358 -1.25605e-05 
646 1927.49 7.62355e-17 -6.95465 -1.66394e-05 
647 1922.87 7.64905e-17 -8.69375 -2.07361e-05 
648 1918.48 7.67331e-17 -10.4499 -2.48481e-05 
649 1914.31 7.69633e-17 -12.2221 -2.89727e-05 
650 1910.39 7.71807e-17 -14.0094 -3.31074e-05 
651 1906.71 7.73852e-17 -15.8108 -3.72499e-05 
652 1903.26 7.75768e-17 -17.6257 -4.13986e-05 
653 1900.06 7.77554e-17 -19.4536 -4.55523e-05 
654 1897.1 7.7921e-17 -21.2941 -4.97096e-05 
655 1894.38 7.80736e-17 -23.1466 -5.38695e-05 
656 1891.9 7.82132e-17 -25.0106 -5.80304e-05 
657 1889.65 7.83399e-17 -26.8856 -6.21911e-05 
658 1887.65 7.84535e-17 -28.7709 -6.63503e-05 
659 1885.88 7.85541e-17 -30.6661 -7.05065e-05 
660 1884.35 7.86418e-17 -32.5705 -7.46585e-05 
661 1883.06 7.87165e-17 -34.4836 -7.88049e-05 
662 1882 7.87783e-17 -36.4047 -8.29442e-05 
663 1881.18 7.88271e-17 -38.3332 -8.7075e-05 
664 1880.59 7.88631e-17 -40.2685 -9.1196e-05 
665 1880.23 7.88862e-17 -42.2099 -9.53057e-05 
666 1880.11 7.88964e-17 -44.1568 -9.94025e-05 
667 1880.22 7.88939e-17 -46.1084 -0.000103485 
668 1880.55 7.88786e-17 -48.0641 -0.000107552 
669 1881.12 7.88506e-17 -50.0232 -0.000111602 
670 1881.92 7.88099e-17 -51.9849 -0.000115633 
671 1882.95 7.87566e-17 -53.9485 -0.000119643 
672 1884.2 7.86908e-17 -55.9132 -0.000123632 
673 1885.68 7.86125e-17 -57.8783 -0.000127597 
674 1887.38 7.85218e-17 -59.843 -0.000131538 
675 1889.31 7.84187e-17 -61.8064 -0.000135451 
676 1891.45 7.83034e-17 -63.7678 -0.000139337 
677 1893.83 7.81759e-17 -65.7263 -0.000143193 
678 1896.42 7.80363e-17 -67.681 -0.000147017 
679 1899.23 7.78846e-17 -69.6311 -0.000150808 
680 1902.25 7.77211e-17 -71.5756 -0.000154564 
681 1905.5 7.75457e-17 -73.5138 -0.000158284 
682 1908.95 7.73587e-17 -75.4446 -0.000161966 
683 1912.63 7.716e-17 -77.3672 -0.000165607 
684 1916.51 7.69498e-17 -79.2805 -0.000169208 
685 1920.61 7.67283e-17 -81.1836 -0.000172764 
686 1924.91 7.64955e-17 -83.0755 -0.000176276 
687 1929.42 7.62516e-17 -84.9552 -0.00017974 
688 1934.14 7.59967e-17 -86.8216 -0.000183156 
689 1939.07 7.5731e-17 -88.6738 -0.000186521 
690 1944.19 7.54546e-17 -90.5106 -0.000189833 
691 1949.52 7.51676e-17 -92.3309 -0.000193091 
692 1955.05 7.48703e-17 -94.1337 -0.000196294 
693 1960.78 7.45628e-17 -95.9179 -0.000199438 
694 1966.7 7.42452e-17 -97.6822 -0.000202522 
695 1972.82 7.39177e-17 -99.4256 -0.000205544 
696 1979.13 7.35805e-17 -101.147 -0.000208502 
697 1985.63 7.32338e-17 -102.845 -0.000211395 
698 1992.33 7.28778e-17 -104.518 -0.000214219 
699 1999.21 7.25127e-17 -106.166 -0.000216974 
700 2006.27 7.21387e-17 -107.786 -0.000219658 
701 2013.52 7.17559e-17 -109.378 -0.000222267 
702 2020.95 7.13645e-17 -110.942 -0.000224803 
703 2028.55 7.09647e-17 -112.476 -0.000227265 
704 2036.33 7.05565e-17 -113.981 -0.000229653 
705 2044.27 7.014e-17 -115.456 -0.000231966 
706 2052.38 6.97154e-17 -116.902 -0.000234205 
707 2060.65 6.92829e-17 -118.316 -0.000236369 
708 2069.08 6.88424e-17 -119.7 -0.000238459 
709 2077.66 6.83943e-17 -121.052 -0.000240474 
710 2086.39 6.79386e-17 -122.373 -0.000242415 
711 2095.26 6.74754e-17 -123.662 -0.00024428 
712 2104.28 6.7005e-17 -124.919 -0.00024607 
713 2113.43 6.65275e-17 -126.143 -0.000247785 
714 2122.71 6.6043e-17 -127.334 -0.000249426 
715 2132.12 6.55517e-17 -128.492 -0.00025099 
716 2141.66 6.50537e-17 -129.616 -0.00025248 
717 2151.31 6.45493e-17 -130.706 -0.000253894 
718 2161.08 6.40386e-17 -131.762 -0.000255233 
719 2170.96 6.35219e-17 -132.783 -0.000256496 
720 2180.94 6.29992e-17 -133.769 -0.000257684 
721 2191.02 6.24708e-17 -134.719 -0.000258796 
722 2201.2 6.19368e-17 -135.634 -0.000259832 
723 2211.47 6.13976e-17 -136.513 -0.000260793 
724 2221.83 6.08532e-17 -137.355 -0.000261678 
725 2232.26 6.03039e-17 -138.16 -0.000262487 
726 2242.78 5.97499e-17 -138.929 -0.000263221 
727 2253.36 5.91914e-17 -139.66 -0.000263879 
728 2264.01 5.86287e-17 -140.353 -0.000264461 
729 2274.72 5.8062e-17 -141.008 -0.000264968 
730 2285.49 5.74915e-17 -141.624 -0.000265398 
731 2296.3 5.69175e-17 -142.202 -0.000265753 
732 2307.16 5.63401e-17 -142.741 -0.000266032 
733 2318.07 5.57598e-17 -143.241 -0.000266236 
734 2329 5.51766e-17 -143.7 -0.000266363 
735 2339.97 5.45909e-17 -144.12 -0.000266415 
736 2350.95 5.4003e-17 -144.499 -0.000266392 
737 2361.96 5.34131e-17 -144.838 -0.000266292 
738 2372.97 5.28215e-17 -145.136 -0.000266118 
739 2384 5.22284e-17 -145.392 -0.000265867 
740 2395.02 5.16343e-17 -145.607 -0.000265542 
741 2406.03 5.10393e-17 -145.78 -0.00026514 
742 2417.04 5.04438e-17 -145.911 -0.000264664 
743 2428.03 4.9848e-17 -145.999 -0.000264112 
744 2438.99 4.92524e-17 -146.044 -0.000263485 
745 2449.93 4.86572e-17 -146.047 -0.000262783 
746 2460.82 4.80627e-17 -146.006 -0.000262006 
747 2471.68 4.74692e-17 -145.921 -0.000261153 
748 2482.49 4.68772e-17 -145.792 -0.000260227 
749 2493.24 4.62869e-17 -145.62 -0.000259225 
750 2503.93 4.56988e-17 -145.402 -0.000258148 
751 2514.55 4.5113e-17 -145.14 -0.000256998 
752 2525.1 4.45298e-17 -144.833 -0.000255773 
753 2535.58 4.39493e-17 -144.482 -0.000254476 
754 2545.98 4.33716e-17 -144.086 -0.000253107 
755 2556.3 4.27968e-17 -143.647 -0.000251667 
756 2566.54 4.2225e-17 -143.163 -0.000250158 
757 2576.69 4.16564e-17 -142.636 -0.000248579 
758 2586.75 4.1091e-17 -142.065 -0.000246932 
759 2596.71 4.0529e-17 -141.451 -0.000245217 
760 2606.58 3.99705e-17 -140.794 -0.000243437 
761 2616.35 3.94157e-17 -140.095 -0.000241592 
762 2626.01 3.88645e-17 -139.353 -0.000239682 
763 2635.57 3.83173e-17 -138.569 -0.00023771 
764 2645.02 3.7774e-17 -137.743 -0.000235675 
765 2654.36 3.72349e-17 -136.875 -0.00023358 
766 2663.57 3.66999e-17 -135.967 -0.000231424 
767 2672.67 3.61694e-17 -135.017 -0.00022921 
768 2681.64 3.56434e-17 -134.028 -0.000226938 
769 2690.49 3.5122e-17 -132.998 -0.000224609 
770 2699.2 3.46053e-17 -131.929 -0.000222225 
771 2707.78 3.40936e-17 -130.82 -0.000219787 
772 2716.22 3.35869e-17 -129.672 -0.000217296 
773 2724.52 3.30854e-17 -128.487 -0.000214752 
774 2732.67 3.25891e-17 -127.263 -0.000212158 
775 2740.67 3.20983e-17 -126.002 -0.000209514 
776 2748.52 3.16131e-17 -124.704 -0.000206822 
777 2756.21 3.11336e-17 -123.369 -0.000204083 
778 2763.74 3.06599e-17 -121.999 -0.000201297 
779 2771.1 3.01923e-17 -120.593 -0.000198468 
780 2778.3 2.97307e-17 -119.152 -0.000195595 
781 2785.32 2.92755e-17 -117.677 -0.000192679 
782 2792.17 2.88267e-17 -116.169 -0.000189724 
783 2798.83 2.83845e-17 -114.627 -0.000186728 
784 2805.31 2.7949e-17 -113.053 -0.000183695 
785 2811.6 2.75204e-17 -111.448 -0.000180625 
786 2817.7 2.70988e-17 -109.811 -0.00017752 
787 2823.61 2.66844e-17 -108.143 -0.000174381 
788 2829.31 2.62773e-17 -106.446 -0.000171209 
789 2834.8 2.58777e-17 -104.72 -0.000168006 
790 2840.09 2.54858e-17 -102.965 -0.000164773 
791 2845.17 2.51016e-17 -101.183 -0.000161513 
792 2850.02 2.47254e-17 -99.3743 -0.000158225 
793 2854.65 2.43574e-17 -97.5393 -0.000154912 
794 2859.06 2.39975e-17 -95.6792 -0.000151576 
795 2863.24 2.36462e-17 -93.7946 -0.000148217 
796 2867.18 2.33034e-17 -91.8865 -0.000144837 
797 2870.88 2.29694e-17 -89.9558 -0.000141439 
798 2874.34 2.26443e-17 -88.0032 -0.000138022 
799 2877.55 2.23283e-17 -86.0297 -0.00013459 
800 2880.51 2.20216e-17 -84.0362 -0.000131143 
801 2883.21 2.17243e-17 -82.0237 -0.000127683 
802 2885.66 2.14364e-17 -79.9926 -0.000124211 
803 2887.85 2.1158e-17 -77.9435 -0.000120728 
804 2889.78 2.0889e-17 -75.877 -0.000117235 
805 2891.45 2.06295e-17 -73.7935 -0.000113733 
806 2892.87 2.03795e-17 -71.6937 -0.000110223 
807 2894.04 2.01388e-17 -69.5782 -0.000106706 
808 2894.95 1.99077e-17 -67.4475 -0.000103182 
809 2895.61 1.9686e-17 -65.3021 -9.96538e-05 
810 2896.02 1.94737e-17 -63.1429 -9.6121e-05 
811 2896.17 1.92708e-17 -60.9702 -9.25851e-05 
812 2896.07 1.90774e-17 -58.7849 -8.9047e-05 
813 2895.72 1.88933e-17 -56.5875 -8.55077e-05 
814 2895.12 1.87186e-17 -54.3787 -8.19685e-05 
815 2894.27 1.85533e-17 -52.1592 -7.84301e-05 
816 2893.17 1.83974e-17 -49.9296 -7.48939e-05 
817 2891.82 1.82507e-17 -47.6908 -7.13607e-05 
818 2890.22 1.81134e-17 -45.4433 -6.78317e-05 
819 2888.38 1.79853e-17 -43.188 -6.4308e-05 
820 2886.29 1.78664e-17 -40.9255 -6.07906e-05 
821 2883.95 1.77567e-17 -38.6566 -5.72808e-05 
822 2881.36 1.76562e-17 -36.3822 -5.37795e-05 
823 2878.54 1.75649e-17 -34.1029 -5.02879e-05 
824 2875.47 1.74826e-17 -31.8196 -4.68073e-05 
825 2872.15 1.74093e-17 -29.5331 -4.33386e-05 
826 2868.6 1.73451e-17 -27.2442 -3.98831e-05 
827 2864.8 1.72897e-17 -24.9538 -3.64419e-05 
828 2860.76 1.72433e-17 -22.6627 -3.30162e-05 
829 2856.48 1.72058e-17 -20.3719 -2.96072e-05 
830 2851.97 1.7177e-17 -18.0821 -2.62162e-05 
831 2847.21 1.71569e-17 -15.7943 -2.28442e-05 
832 2842.22 1.71456e-17 -13.5094 -1.94926e-05 
833 2837 1.71428e-17 -11.2284 -1.61625e-05 
834 2831.54 1.71485e-17 -8.9522 -1.28552e-05 
835 2825.85 1.71628e-17 -6.68175 -9.57188e-06 
836 2819.92 1.71854e-17 -4.41804 -6.31391e-06 
837 2813.76 1.72163e-17 -2.16208 -3.08249e-06 
838 2807.37 1.72555e-17 0.085128 1.21078e-07 
839 2800.76 1.73028e-17 2.32255 3.29552e-06 
840 2793.91 1.73582e-17 4.54914 6.43952e-06 
841 2786.84 1.74216e-17 6.76383 9.55179e-06 
842 2779.54 1.74929e-17 8.96555 1.2631e-05 
843 2772.02 1.7572e-17 11.1532 1.56758e-05 
844 2764.27 1.76588e-17 13.3257 1.86849e-05 
845 2756.3 1.77532e-17 15.4818 2.16569e-05 
846 2748.11 1.78551e-17 17.6205 2.45904e-05 
847 2739.7 1.79644e-17 19.7406 2.74841e-05 
848 2731.07 1.8081e-17 21.8409 3.03366e-05 
849 2722.23 1.82047e-17 23.9202 3.31466e-05 
850 2713.17 1.83356e-17 25.9773 3.59125e-05 
851 2703.89 1.84733e-17 28.0111 3.86332e-05 
852 2694.41 1.86179e-17 30.021 4.13082e-05 
853 2684.71 1.87693e-17 32.0068 4.39375e-05 
854 2674.81 1.89274e-17 33.9681 4.65208e-05 
855 2664.71 1.90921e-17 35.9045 4.90579e-05 
856 2654.41 1.92632e-17 37.8157 5.15486e-05 
857 2643.92 1.94408e-17 39.7012 5.39928e-05 
858 2633.24 1.96247e-17 41.5608 5.63902e-05 
859 2622.37 1.98147e-17 43.3941 5.87406e-05 
860 2611.31 2.00109e-17 45.2006 6.1044e-05 
861 2600.08 2.0213e-17 46.9801 6.33e-05 
862 2588.66 2.04211e-17 48.7321 6.55085e-05 
863 2577.08 2.06348e-17 50.4564 6.76693e-05 
864 2565.33 2.08543e-17 52.1525 6.97823e-05 
865 2553.41 2.10792e-17 53.82 7.18472e-05 
866 2541.33 2.13095e-17 55.4586 7.38638e-05 
867 2529.09 2.15452e-17 57.0679 7.58321e-05 
868 2516.7 2.17859e-17 58.6476 7.77518e-05 
869 2504.16 2.20317e-17 60.1972 7.96227e-05 
870 2491.47 2.22824e-17 61.7163 8.14447e-05 
871 2478.65 2.25378e-17 63.2047 8.32175e-05 
872 2465.68 2.27978e-17 64.6619 8.49411e-05 
873 2452.58 2.30623e-17 66.0875 8.66151e-05 
874 2439.35 2.33311e-17 67.4812 8.82396e-05 
875 2426 2.3604e-17 68.8426 8.98142e-05 
876 2412.52 2.38809e-17 70.1712 9.13388e-05 
877 2398.93 2.41617e-17 71.4668 9.28133e-05 
878 2385.23 2.44462e-17 72.7288 9.42374e-05 
879 2371.42 2.47342e-17 73.957 9.5611e-05 
880 2357.5 2.50255e-17 75.151 9.6934e-05 
881 2343.49 2.532e-17 76.3103 9.82061e-05 
882 2329.38 2.56176e-17 77.4345 9.94273e-05 
883 2315.18 2.59179e-17 78.5234 0.000100597 
884 2300.9 2.62209e-17 79.5764 0.000101716 
885 2286.53 2.65264e-17 80.5932 0.000102783 
886 2272.09 2.68342e-17 81.5734 0.000103799 
887 2257.57 2.7144e-17 82.5166 0.000104762 
888 2242.99 2.74557e-17 83.4224 0.000105674 
889 2228.35 2.77691e-17 84.2905 0.000106534 
890 2213.65 2.8084e-17 85.1203 0.000107341 
891 2198.9 2.84002e-17 85.9115 0.000108096 
892 2184.1 2.87174e-17 86.6638 0.000108798 
893 2169.26 2.90355e-17 87.3766 0.000109448 
894 2154.38 2.93542e-17 88.0497 0.000110044 
895 2139.47 2.96733e-17 88.6826 0.000110588 
896 2124.53 2.99926e-17 89.2749 0.000111078 
897 2109.57 3.03119e-17 89.8262 0.000111515 
898 2094.59 3.06308e-17 90.336 0.000111899 
899 2079.6 3.09493e-17 90.8041 0.000112229 
900 2064.61 3.1267e-17 91.23 0.000112505 
901 2049.61 3.15837e-17 91.6133 0.000112727 
902 2034.62 3.18994e-17 91.9542 0.000112896 
903 2019.63 3.22138e-17 92.2527 0.000113012 
904 2004.65 3.2527e-17 92.509 0.000113075 
905 1989.67 3.28389e-17 92.7233 0.000113087 
906 1974.72 3.31494e-17 92.8958 0.000113047 
907 1959.78 3.34583e-17 93.0265 0.000112957 
908 1944.86 3.37657e-17 93.1158 0.000112817 
909 1929.96 3.40714e-17 93.1638 0.000112627 
910 1915.09 3.43754e-17 93.1708 0.000112388 
911 1900.25 3.46774e-17 93.1368 0.000112101 
912 1885.45 3.49776e-17 93.0623 0.000111766 
913 1870.68 3.52757e-17 92.9473 0.000111383 
914 1855.95 3.55716e-17 92.7923 0.000110954 
915 1841.26 3.58654e-17 92.5973 0.00011048 
916 1826.62 3.61568e-17 92.3627 0.000109959 
917 1812.02 3.64458e-17 92.0888 0.000109394 
918 1797.49 3.67322e-17 91.7758 0.000108785 
919 1783 3.70161e-17 91.4241 0.000108133 
920 1768.58 3.72972e-17 91.0339 0.000107437 
921 1754.22 3.75755e-17 90.6056 0.0001067 
922 1739.92 3.78509e-17 90.1396 0.000105921 
923 1725.7 3.81233e-17 89.636 0.000105102 
924 1711.55 3.83925e-17 89.0954 0.000104242 
925 1697.48 3.86585e-17 88.5181 0.000103343 
926 1683.49 3.89212e-17 87.9044 0.000102405 
927 1669.58 3.91803e-17 87.2547 0.000101429 
928 1655.76 3.94359e-17 86.5694 0.000100416 
929 1642.03 3.96879e-17 85.849 9.93657e-05 
930 1628.4 3.9936e-17 85.0938 9.82801e-05 
931 1614.86 4.01802e-17 84.3044 9.71593e-05 
932 1601.43 4.04204e-17 83.481 9.60042e-05 
933 1588.11 4.06564e-17 82.6242 9.48154e-05 
934 1574.89 4.08882e-17 81.7345 9.35938e-05 
935 1561.79 4.11156e-17 80.8123 9.234e-05 
936 1548.81 4.13385e-17 79.8581 9.1055e-05 
937 1535.95 4.15567e-17 78.8725 8.97394e-05 
938 1523.22 4.17702e-17 77.8559 8.8394e-05 
939 1510.61 4.19789e-17 76.8088 8.70197e-05 
940 1498.14 4.21825e-17 75.7319 8.56173e-05 
941 1485.8 4.23809e-17 74.6256 8.41875e-05 
942 1473.61 4.25741e-17 73.4906 8.27312e-05 
943 1461.56 4.27619e-17 72.3273 8.12492e-05 
944 1449.66 4.29442e-17 71.1365 7.97423e-05 
945 1437.92 4.31208e-17 69.9187 7.82115e-05 
946 1426.33 4.32916e-17 68.6745 7.66574e-05 
947 1414.91 4.34565e-17 67.4045 7.50811e-05 
948 1403.65 4.36152e-17 66.1095 7.34834e-05 
949 1392.56 4.37678e-17 64.79 7.18651e-05 
950 1381.64 4.3914e-17 63.4468 7.02272e-05 
951 1370.9 4.40537e-17 62.0804 6.85705e-05 
952 1360.34 4.41869e-17 60.6914 6.68956e-05 
953 1349.97 4.43136e-17 59.2803 6.52032e-05 
954 1339.76 4.44337e-17 57.8475 6.3494e-05 
955 1329.74 4.45474e-17 56.3935 6.17686e-05 
956 1319.9 4.46546e-17 54.9188 6.00276e-05 
957 1310.24 4.47552e-17 53.4239 5.82717e-05 
958 1300.76 4.48493e-17 51.9093 5.65017e-05 
959 1291.46 4.4937e-17 50.3757 5.47181e-05 
960 1282.33 4.50181e-17 48.8234 5.29216e-05 
961 1273.39 4.50927e-17 47.2531 5.1113e-05 
962 1264.63 4.51609e-17 45.6653 4.9293e-05 
963 1256.05 4.52226e-17 44.0606 4.74621e-05 
964 1247.65 4.52778e-17 42.4395 4.56212e-05 
965 1239.43 4.53265e-17 40.8028 4.37709e-05 
966 1231.39 4.53688e-17 39.1509 4.1912e-05 
967 1223.54 4.54046e-17 37.4845 4.00451e-05 
968 1215.86 4.54341e-17 35.8042 3.81711e-05 
969 1208.36 4.54571e-17 34.1106 3.62906e-05 
970 1201.05 4.54737e-17 32.4045 3.44044e-05 
971 1193.92 4.54839e-17 30.6864 3.25133e-05 
972 1186.97 4.54877e-17 28.9571 3.06179e-05 
973 1180.2 4.54852e-17 27.2172 2.87191e-05 
974 1173.61 4.54764e-17 25.4673 2.68176e-05 
975 1167.21 4.54613e-17 23.7084 2.49142e-05 
976 1160.98 4.54398e-17 21.9409 2.30097e-05 
977 1154.94 4.54121e-17 20.1658 2.11048e-05 
978 1149.08 4.53781e-17 18.3837 1.92004e-05 
979 1143.4 4.5338e-17 16.5953 1.72972e-05 
980 1137.91 4.52916e-17 14.8015 1.53961e-05 
981 1132.59 4.5239e-17 13.0031 1.34979e-05 
982 1127.46 4.51803e-17 11.2007 1.16033e-05 
983 1122.51 4.51155e-17 9.39531 9.7132e-06 
984 1117.74 4.50446e-17 7.58764 7.82845e-06 
985 1113.15 4.49676e-17 5.77857 5.94986e-06 
986 1108.74 4.48846e-17 3.96892 4.07829e-06 
987 1104.52 4.47956e-17 2.15955 2.21457e-06 
988 1100.47 4.47007e-17 0.35134 3.59563e-07 
989 1096.61 4.45998e-17 -1.45483 -1.48587e-06 
990 1092.93 4.44931e-17 -3.25806 -3.32086e-06 
991 1089.43 4.43804e-17 -5.05744 -5.14453e-06 
992 1086.11 4.4262e-17 -6.85205 -6.956e-06 
993 1082.98 4.41379e-17 -8.64095 -8.75439e-06 
994 1080.02 4.4008e-17 -10.4232 -1.05388e-05 
995 1077.25 4.38724e-17 -12.1978 -1.23083e-05 
996 1074.66 4.37311e-17 -13.9638 -1.40621e-05 
997 1072.24 4.35843e-17 -15.7202 -1.57991e-05 
998 1070.01 4.3432e-17 -17.466 -1.75185e-05 
999 1067.96 4.32741e-17 -19.2002 -1.92194e-05 
1000 1066.09 4.31108e-17 -20.9217 -2.09008e-05 
1001 1064.4 4.29421e-17 -22.6296 -2.25619e-05 
1002 1062.89 4.2768e-17 -24.3235 -2.42023e-05 
1003 1061.55 4.25887e-17 -26.003 -2.5822e-05 
1004 1060.39 4.24042e-17 -27.6679 -2.74206e-05 
1005 1059.39 4.22146e-17 -29.3178 -2.89979e-05 
1006 1058.57 4.20199e-17 -30.9523 -3.05538e-05 
1007 1057.91 4.18202e-17 -32.5712 -3.20881e-05 
1008 1057.42 4.16156e-17 -34.1741 -3.36005e-05 
1009 1057.09 4.14062e-17 -35.7607 -3.50908e-05 
1010 1056.92 4.1192e-17 -37.3306 -3.65588e-05 
1011 1056.9 4.09731e-17 -38.8835 -3.80044e-05 
1012 1057.04 4.07496e-17 -40.419 -3.94272e-05 
1013 1057.34 4.05216e-17 -41.9369 -4.08271e-05 
1014 1057.78 4.02892e-17 -43.4367 -4.22039e-05 
1015 1058.36 4.00524e-17 -44.9181 -4.35574e-05 
1016 1059.1 3.98113e-17 -46.3808 -4.48873e-05 
1017 1059.97 3.95661e-17 -47.8243 -4.61934e-05 
1018 1060.98 3.93168e-17 -49.2484 -4.74755e-05 
1019 1062.13 3.90635e-17 -50.6526 -4.87335e-05 
1020 1063.42 3.88063e-17 -52.0366 -4.9967e-05 
1021 1064.83 3.85453e-17 -53.4001 -5.11759e-05 
1022 1066.37 3.82806e-17 -54.7426 -5.23599e-05 
1023 1068.04 3.80123e-17 -56.0638 -5.35188e-05 
1024 1069.83 3.77404e-17 -57.3633 -5.46525e-05 
1025 1071.74 3.74652e-17 -58.6407 -5.57606e-05 
1026 1073.77 3.71867e-17 -59.8956 -5.6843e-05 
1027 1075.91 3.69051e-17 -61.1277 -5.78995e-05 
1028 1078.17 3.66203e-17 -62.3366 -5.89297e-05 
1029 1080.53 3.63326e-17 -63.5218 -5.99336e-05 
1030 1083 3.6042e-17 -64.683 -6.09108e-05 
1031 1085.57 3.57487e-17 -65.8197 -6.18611e-05 
1032 1088.24 3.54528e-17 -66.9317 -6.27844e-05 
1033 1091.01 3.51543e-17 -68.0184 -6.36803e-05 
1034 1093.87 3.48535e-17 -69.0794 -6.45488e-05 
1035 1096.82 3.45504e-17 -70.1144 -6.53894e-05 
1036 1099.85 3.42452e-17 -71.123 -6.62021e-05 
1037 1102.98 3.3938e-17 -72.1047 -6.69865e-05 
1038 1106.18 3.36289e-17 -73.059 -6.77425e-05 
1039 1109.46 3.33181e-17 -73.9857 -6.84697e-05 
1040 1112.82 3.30057e-17 -74.8841 -6.91681e-05 
1041 1116.25 3.26917e-17 -75.7541 -6.98373e-05 
1042 1119.74 3.23765e-17 -76.5949 -7.04771e-05 
1043 1123.3 3.206e-17 -77.4064 -7.10873e-05 
1044 1126.93 3.17425e-17 -78.1879 -7.16676e-05 
1045 1130.61 3.1424e-17 -78.9392 -7.22179e-05 
1046 1134.35 3.11048e-17 -79.6596 -7.27378e-05 
1047 1138.13 3.0785e-17 -80.3489 -7.32271e-05 
1048 1141.97 3.04647e-17 -81.0064 -7.36856e-05 
1049 1145.85 3.01441e-17 -81.6319 -7.41131e-05 
1050 1149.77 2.98233e-17 -82.2247 -7.45093e-05 
1051 1153.73 2.95025e-17 -82.7846 -7.4874e-05 
1052 1157.73 2.91817e-17 -83.3116 -7.52075e-05 
1053 1161.76 2.8861e-17 -83.8057 -7.551e-05 
1054 1165.82 2.85406e-17 -84.2671 -7.57818e-05 
1055 1169.9 2.82204e-17 -84.6959 -7.60232e-05 
1056 1174.02 2.79005e-17 -85.0923 -7.62344e-05 
1057 1178.16 2.75809e-17 -85.4563 -7.64158e-05 
1058 1182.32 2.72619e-17 -85.7881 -7.65677e-05 
1059 1186.5 2.69433e-17 -86.0879 -7.66903e-05 
1060 1190.69 2.66254e-17 -86.3558 -7.67839e-05 
1061 1194.9 2.6308e-17 -86.5919 -7.68489e-05 
1062 1199.13 2.59915e-17 -86.7965 -7.68855e-05 
1063 1203.36 2.56757e-17 -86.9697 -7.68941e-05 
1064 1207.6 2.53608e-17 -87.1116 -7.68749e-05 
1065 1211.84 2.50469e-17 -87.2224 -7.68283e-05 
1066 1216.09 2.47339e-17 -87.3024 -7.67546e-05 
1067 1220.33 2.44221e-17 -87.3517 -7.66541e-05 
1068 1224.58 2.41115e-17 -87.3705 -7.65272e-05 
1069 1228.81 2.38021e-17 -87.359 -7.63741e-05 
1070 1233.04 2.3494e-17 -87.3175 -7.61953e-05 
1071 1237.26 2.31874e-17 -87.2461 -7.59909e-05 
1072 1241.46 2.28822e-17 -87.1451 -7.57614e-05 
1073 1245.65 2.25786e-17 -87.0146 -7.55072e-05 
1074 1249.82 2.22767e-17 -86.855 -7.52285e-05 
1075 1253.97 2.19765e-17 -86.6665 -7.49256e-05 
1076 1258.09 2.16781e-17 -86.4493 -7.45991e-05 
1077 1262.19 2.13817e-17 -86.2037 -7.42491e-05 
1078 1266.26 2.10872e-17 -85.9299 -7.38761e-05 
1079 1270.3 2.07948e-17 -85.6282 -7.34804e-05 
1080 1274.3 2.05046e-17 -85.2989 -7.30624e-05 
1081 1278.26 2.02166e-17 -84.9423 -7.26224e-05 
1082 1282.18 1.9931e-17 -84.5586 -7.21609e-05 
1083 1286.06 1.96478e-17 -84.1481 -7.16782e-05 
1084 1289.89 1.93671e-17 -83.7113 -7.11746e-05 
1085 1293.68 1.90891e-17 -83.2482 -7.06505e-05 
1086 1297.41 1.88138e-17 -82.7594 -7.01065e-05 
1087 1301.08 1.85412e-17 -82.2451 -6.95427e-05 
1088 1304.7 1.82716e-17 -81.7056 -6.89596e-05 
1089 1308.26 1.8005e-17 -81.1412 -6.83577e-05 
1090 1311.75 1.77415e-17 -80.5524 -6.77372e-05 
1091 1315.18 1.74812e-17 -79.9395 -6.70987e-05 
1092 1318.54 1.72241e-17 -79.3028 -6.64424e-05 
1093 1321.82 1.69705e-17 -78.6427 -6.57689e-05 
1094 1325.03 1.67204e-17 -77.9595 -6.50785e-05 
1095 1328.16 1.64738e-17 -77.2537 -6.43717e-05 
1096 1331.2 1.6231e-17 -76.5257 -6.36488e-05 
1097 1334.16 1.5992e-17 -75.7758 -6.29103e-05 
1098 1337.04 1.57569e-17 -75.0045 -6.21566e-05 
1099 1339.82 1.55258e-17 -74.2121 -6.13881e-05 
1100 1342.5 1.52989e-17 -73.3991 -6.06053e-05 
1101 1345.09 1.50761e-17 -72.5659 -5.98086e-05 
1102 1347.59 1.48576e-17 -71.7129 -5.89984e-05 
1103 1349.98 1.46434e-17 -70.8405 -5.81751e-05 
1104 1352.27 1.44334e-17 -69.9491 -5.73391e-05 
1105 1354.47 1.42278e-17 -69.0391 -5.64908e-05 
1106 1356.56 1.40263e-17 -68.1108 -5.56306e-05 
1107 1358.56 1.38292e-17 -67.1648 -5.47588e-05 
1108 1360.46 1.36363e-17 -66.2014 -5.3876e-05 
1109 1362.25 1.34478e-17 -65.221 -5.29826e-05 
1110 1363.95 1.32635e-17 -64.2242 -5.20789e-05 
1111 1365.54 1.30836e-17 -63.2113 -5.11653e-05 
1112 1367.04 1.29079e-17 -62.1828 -5.02424e-05 
1113 1368.43 1.27366e-17 -61.1392 -4.93105e-05 
1114 1369.72 1.25696e-17 -60.0809 -4.837e-05 
1115 1370.91 1.24069e-17 -59.0085 -4.74215e-05 
1116 1372 1.22485e-17 -57.9223 -4.64653e-05 
1117 1372.98 1.20945e-17 -56.823 -4.55018e-05 
1118 1373.87 1.19447e-17 -55.7109 -4.45316e-05 
1119 1374.65 1.17993e-17 -54.5866 -4.3555e-05 
1120 1375.32 1.16582e-17 -53.4507 -4.25726e-05 
1121 1375.89 1.15215e-17 -52.3037 -4.15847e-05 
1122 1376.36 1.1389e-17 -51.146 -4.05919e-05 
1123 1376.73 1.12609e-17 -49.9783 -3.95945e-05 
1124 1376.99 1.11372e-17 -48.801 -3.85931e-05 
1125 1377.15 1.10177e-17 -47.6148 -3.75881e-05 
1126 1377.2 1.09025e-17 -46.4202 -3.65801e-05 
1127 1377.14 1.07917e-17 -45.2178 -3.55694e-05 
1128 1376.99 1.06852e-17 -44.0081 -3.45565e-05 
1129 1376.72 1.0583e-17 -42.7919 -3.3542e-05 
1130 1376.35 1.04851e-17 -41.5696 -3.25263e-05 
1131 1375.88 1.03915e-17 -40.3418 -3.15099e-05 
1132 1375.29 1.03022e-17 -39.1093 -3.04933e-05 
1133 1374.6 1.02172e-17 -37.8726 -2.94769e-05 
1134 1373.81 1.01365e-17 -36.6324 -2.84614e-05 
1135 1372.91 1.006e-17 -35.3893 -2.74472e-05 
1136 1371.89 9.98784e-18 -34.1439 -2.64347e-05 
1137 1370.78 9.91993e-18 -32.897 -2.54246e-05 
1138 1369.55 9.85626e-18 -31.6492 -2.44173e-05 
1139 1368.22 9.79684e-18 -30.4012 -2.34133e-05 
1140 1366.77 9.74166e-18 -29.1537 -2.24132e-05 
1141 1365.22 9.6907e-18 -27.9074 -2.14174e-05 
1142 1363.56 9.64395e-18 -26.6629 -2.04266e-05 
1143 1361.79 9.60141e-18 -25.4211 -1.94411e-05 
1144 1359.92 9.56306e-18 -24.1826 -1.84617e-05 
1145 1357.93 9.52889e-18 -22.9482 -1.74888e-05 
1146 1355.83 9.49889e-18 -21.7187 -1.65229e-05 
1147 1353.62 9.47304e-18 -20.4947 -1.55646e-05 
1148 1351.3 9.45132e-18 -19.2771 -1.46144e-05 
1149 1348.87 9.43374e-18 -18.0667 -1.36729e-05 
1150 1346.33 9.42026e-18 -16.8642 -1.27406e-05 
1151 1343.68 9.41087e-18 -15.6703 -1.18181e-05 
1152 1340.92 9.40554e-18 -14.4854 -1.09056e-05 
1153 1338.05 9.40421e-18 -13.3098 -1.00031e-05 
1154 1335.08 9.40685e-18 -12.1437 -9.11094e-06 
1155 1332 9.41341e-18 -10.9874 -8.22917e-06 
1156 1328.82 9.42385e-18 -9.84123 -7.35797e-06 
1157 1325.54 9.43812e-18 -8.7054 -6.49751e-06 
1158 1322.15 9.45617e-18 -7.58021 -5.64793e-06 
1159 1318.67 9.47796e-18 -6.46595 -4.8094e-06 
1160 1315.09 9.50343e-18 -5.36291 -3.98208e-06 
1161 1311.42 9.53254e-18 -4.27136 -3.16613e-06 
1162 1307.65 9.56523e-18 -3.19162 -2.3617e-06 
1163 1303.79 9.60145e-18 -2.12396 -1.56896e-06 
1164 1299.85 9.64114e-18 -1.06868 -7.88081e-07 
1165 1295.81 9.68427e-18 -0.0260977 -1.92122e-08 
1166 1291.69 9.73076e-18 1.0035 7.37477e-07 
1167 1287.48 9.78056e-18 2.01981 1.48182e-06 
1168 1283.19 9.83361e-18 3.02251 2.21366e-06 
1169 1278.82 9.88986e-18 4.01131 2.93282e-06 
1170 1274.37 9.94924e-18 4.98588 3.63914e-06 
1171 1269.85 1.00117e-17 5.9459 4.33245e-06 
1172 1265.25 1.00772e-17 6.89107 5.01258e-06 
1173 1260.57 1.01456e-17 7.82106 5.67936e-06 
1174 1255.82 1.02169e-17 8.73554 6.33263e-06 
1175 1251.01 1.0291e-17 9.63419 6.9722e-06 
1176 1246.12 1.03679e-17 10.5167 7.59792e-06 
1177 1241.17 1.04474e-17 11.3827 8.2096e-06 
1178 1236.16 1.05296e-17 12.2318 8.80708e-06 
1179 1231.08 1.06143e-17 13.0638 9.39018e-06 
1180 1225.94 1.07015e-17 13.8783 9.95873e-06 
1181 1220.75 1.07911e-17 14.6749 1.05125e-05 
1182 1215.49 1.08831e-17 15.4533 1.10515e-05 
1183 1210.19 1.09773e-17 16.2132 1.15753e-05 
1184 1204.83 1.10736e-17 16.9541 1.20839e-05 
1185 1199.42 1.11721e-17 17.6758 1.2577e-05 
1186 1193.96 1.12726e-17 18.3779 1.30545e-05 
1187 1188.46 1.1375e-17 19.06 1.35162e-05 
1188 1182.91 1.14793e-17 19.7217 1.3962e-05 
1189 1177.32 1.15854e-17 20.3627 1.43915e-05 
1190 1171.69 1.16932e-17 20.9826 1.48048e-05 
1191 1166.03 1.18026e-17 21.5811 1.52015e-05 
1192 1160.32 1.19136e-17 22.1577 1.55815e-05 
1193 1154.59 1.20259e-17 22.7121 1.59446e-05 
1194 1148.82 1.21397e-17 23.2439 1.62906e-05 
1195 1143.02 1.22547e-17 23.7527 1.66193e-05 
1196 1137.2 1.23708e-17 24.2381 1.69306e-05 
1197 1131.35 1.24881e-17 24.6998 1.72243e-05 
1198 1125.48 1.26064e-17 25.1372 1.75001e-05 
1199 1119.59 1.27255e-17 25.5501 1.77579e-05 
1200 1113.68 1.28454e-17 25.938 1.79975e-05 
1201 1107.75 1.29661e-17 26.3007 1.82188e-05 
1202 1101.81 1.30874e-17 26.638 1.84218e-05 
1203 1095.86 1.32093e-17 26.9501 1.86067e-05 
1204 1089.9 1.33318e-17 27.2371 1.87736e-05 
1205 1083.93 1.34549e-17 27.4991 1.89228e-05 
1206 1077.95 1.35783e-17 27.7362 1.90543e-05 
1207 1071.96 1.37023e-17 27.9485 1.91683e-05 
1208 1065.97 1.38266e-17 28.1361 1.92651e-05 
1209 1059.98 1.39512e-17 28.2991 1.93446e-05 
1210 1053.99 1.40761e-17 28.4376 1.94072e-05 
1211 1047.99 1.42012e-17 28.5517 1.9453e-05 
1212 1042.01 1.43265e-17 28.6416 1.9482e-05 
1213 1036.02 1.4452e-17 28.7074 1.94946e-05 
1214 1030.04 1.45775e-17 28.7492 1.94909e-05 
1215 1024.08 1.4703e-17 28.7672 1.94709e-05 
1216 1018.12 1.48285e-17 28.7614 1.9435e-05 
1217 1012.17 1.49539e-17 28.732 1.93833e-05 
1218 1006.24 1.50792e-17 28.6792 1.9316e-05 
1219 1000.32 1.52043e-17 28.6031 1.92331e-05 
1220 994.419 1.53291e-17 28.5039 1.9135e-05 
1221 988.538 1.54536e-17 28.3817 1.90218e-05 
1222 982.679 1.55778e-17 28.2366 1.88936e-05 
1223 976.843 1.57015e-17 28.0689 1.87507e-05 
1224 971.031 1.58247e-17 27.8787 1.85932e-05 
1225 965.247 1.59474e-17 27.6662 1.84214e-05 
1226 959.492 1.60695e-17 27.4315 1.82353e-05 
1227 953.767 1.61909e-17 27.1748 1.80353e-05 
1228 948.075 1.63115e-17 26.8963 1.78214e-05 
1229 942.418 1.64314e-17 26.5963 1.7594e-05 
1230 936.797 1.65505e-17 26.2748 1.7353e-05 
1231 931.215 1.66686e-17 25.932 1.70989e-05 
1232 925.674 1.67857e-17 25.5683 1.68317e-05 
1233 920.176 1.69018e-17 25.1837 1.65517e-05 
1234 914.722 1.70167e-17 24.7786 1.6259e-05 
1235 909.315 1.71305e-17 24.353 1.59539e-05 
1236 903.956 1.7243e-17 23.9072 1.56365e-05 
1237 898.649 1.73542e-17 23.4415 1.53071e-05 
1238 893.394 1.7464e-17 22.956 1.49659e-05 
1239 888.194 1.75724e-17 22.451 1.46131e-05 
1240 883.052 1.76792e-17 21.9267 1.42488e-05 
1241 877.968 1.77844e-17 21.3833 1.38734e-05 
1242 872.946 1.78879e-17 20.8212 1.34869e-05 
1243 867.987 1.79897e-17 20.2405 1.30897e-05 
1244 863.093 1.80897e-17 19.6415 1.26819e-05 
1245 858.268 1.81877e-17 19.0244 1.22638e-05 
1246 853.512 1.82838e-17 18.3896 1.18355e-05 
1247 848.828 1.83778e-17 17.7372 1.13973e-05 
1248 844.218 1.84697e-17 17.0675 1.09495e-05 
1249 839.685 1.85594e-17 16.3809 1.04922e-05 
1250 835.23 1.86468e-17 15.6775 1.00256e-05 
1251 830.856 1.87319e-17 14.9578 9.55003e-06 
1252 826.563 1.88145e-17 14.2219 9.06571e-06 
1253 822.351 1.88948e-17 13.4702 8.57287e-06 
1254 818.22 1.89727e-17 12.7031 8.07177e-06 
1255 814.171 1.90482e-17 11.9209 7.56267e-06 
1256 810.204 1.91213e-17 11.1239 7.04582e-06 
1257 806.32 1.9192e-17 10.3125 6.52148e-06 
1258 802.517 1.92602e-17 9.48695 5.98991e-06 
1259 798.797 1.9326e-17 8.64773 5.45137e-06 
1260 795.16 1.93894e-17 7.79516 4.90613e-06 
1261 791.605 1.94503e-17 6.92959 4.35445e-06 
1262 788.134 1.95088e-17 6.05142 3.7966e-06 
1263 784.746 1.95648e-17 5.16101 3.23284e-06 
1264 781.442 1.96183e-17 4.25875 2.66345e-06 
1265 778.222 1.96694e-17 3.34503 2.0887e-06 
1266 775.085 1.9718e-17 2.42025 1.50886e-06 
1267 772.033 1.9764e-17 1.4848 9.24214e-07 
1268 769.065 1.98076e-17 0.539102 3.35035e-07 
1269 766.181 1.98487e-17 -0.41644 -2.58397e-07 
1270 763.383 1.98872e-17 -1.3814 -8.55799e-07 
1271 760.669 1.99233e-17 -2.35537 -1.45689e-06 
1272 758.041 1.99568e-17 -3.3379 -2.06138e-06 
1273 755.498 1.99878e-17 -4.32856 -2.66898e-06 
1274 753.04 2.00162e-17 -5.32692 -3.27941e-06 
1275 750.669 2.00421e-17 -6.33251 -3.89238e-06 
1276 748.383 2.00655e-17 -7.3449 -4.50759e-06 
1277 746.184 2.00862e-17 -8.36361 -5.12474e-06 
1278 744.07 2.01045e-17 -9.38818 -5.74355e-06 
1279 742.044 2.01201e-17 -10.4181 -6.3637e-06 
1280 740.104 2.01332e-17 -11.453 -6.98491e-06 
1281 738.251 2.01437e-17 -12.4923 -7.60687e-06 
1282 736.486 2.01516e-17 -13.5356 -8.22928e-06 
1283 734.807 2.01569e-17 -14.5823 -8.85183e-06 
1284 733.217 2.01596e-17 -15.6319 -9.47421e-06 
1285 731.713 2.01598e-17 -16.6839 -1.00961e-05 
1286 730.298 2.01573e-17 -17.7379 -1.07172e-05 
1287 728.971 2.01522e-17 -18.7932 -1.13372e-05 
1288 727.732 2.01445e-17 -19.8494 -1.19558e-05 
1289 726.582 2.01341e-17 -20.906 -1.25727e-05 
1290 725.521 2.01212e-17 -21.9623 -1.31875e-05 
1291 724.548 2.01056e-17 -23.0179 -1.37999e-05 
1292 723.664 2.00874e-17 -24.0721 -1.44097e-05 
1293 722.869 2.00665e-17 -25.1245 -1.50164e-05 
1294 722.164 2.0043e-17 -26.1744 -1.56197e-05 
1295 721.549 2.00168e-17 -27.2213 -1.62194e-05 
1296 721.023 1.9988e-17 -28.2647 -1.68151e-05 
1297 720.587 1.99566e-17 -29.3038 -1.74064e-05 
1298 720.241 1.99225e-17 -30.3381 -1.79931e-05 
1299 719.986 1.98857e-17 -31.3671 -1.85747e-05 
1300 719.821 1.98463e-17 -32.3901 -1.9151e-05 
1301 719.746 1.98042e-17 -33.4065 -1.97216e-05 
1302 719.761 1.97594e-17 -34.4161 -2.02864e-05 
1303 719.864 1.97121e-17 -35.4186 -2.08454e-05 
1304 720.054 1.96621e-17 -36.4138 -2.13982e-05 
1305 720.33 1.96096e-17 -37.4014 -2.19449e-05 
1306 720.69 1.95546e-17 -38.3813 -2.24854e-05 
1307 721.133 1.94971e-17 -39.3531 -2.30195e-05 
1308 721.659 1.94371e-17 -40.3166 -2.3547e-05 
1309 722.265 1.93747e-17 -41.2716 -2.4068e-05 
1310 722.95 1.93099e-17 -42.2177 -2.45822e-05 
1311 723.714 1.92427e-17 -43.1549 -2.50896e-05 
1312 724.554 1.91732e-17 -44.0827 -2.559e-05 
1313 725.47 1.91013e-17 -45.0009 -2.60832e-05 
1314 726.46 1.90272e-17 -45.9094 -2.65693e-05 
1315 727.523 1.89509e-17 -46.8077 -2.70481e-05 
1316 728.657 1.88723e-17 -47.6957 -2.75193e-05 
1317 729.862 1.87916e-17 -48.5731 -2.7983e-05 
1318 731.135 1.87087e-17 -49.4396 -2.8439e-05 
1319 732.476 1.86237e-17 -50.2949 -2.88872e-05 
1320 733.882 1.85367e-17 -51.1388 -2.93274e-05 
1321 735.353 1.84477e-17 -51.9709 -2.97595e-05 
1322 736.888 1.83566e-17 -52.7911 -3.01835e-05 
1323 738.484 1.82636e-17 -53.5989 -3.05991e-05 
1324 740.14 1.81687e-17 -54.3942 -3.10062e-05 
1325 741.855 1.80719e-17 -55.1767 -3.14048e-05 
1326 743.628 1.79733e-17 -55.946 -3.17947e-05 
1327 745.457 1.78729e-17 -56.7018 -3.21757e-05 
1328 747.341 1.77708e-17 -57.4439 -3.25478e-05 
1329 749.277 1.76669e-17 -58.172 -3.29107e-05 
1330 751.265 1.75614e-17 -58.8858 -3.32645e-05 
1331 753.303 1.74543e-17 -59.5849 -3.36089e-05 
1332 755.39 1.73456e-17 -60.2691 -3.39438e-05 
1333 757.524 1.72353e-17 -60.938 -3.42691e-05 
1334 759.704 1.71236e-17 -61.5914 -3.45846e-05 
1335 761.927 1.70104e-17 -62.2289 -3.48903e-05 
1336 764.193 1.68958e-17 -62.8503 -3.51859e-05 
1337 766.5 1.67799e-17 -63.4551 -3.54714e-05 
1338 768.847 1.66627e-17 -64.0431 -3.57467e-05 
1339 771.231 1.65442e-17 -64.6139 -3.60115e-05 
1340 773.651 1.64245e-17 -65.1673 -3.62657e-05 
1341 776.106 1.63037e-17 -65.7029 -3.65093e-05 
1342 778.594 1.61817e-17 -66.2203 -3.6742e-05 
1343 781.114 1.60587e-17 -66.7193 -3.69638e-05 
1344 783.663 1.59347e-17 -67.1995 -3.71744e-05 
1345 786.24 1.58097e-17 -67.6605 -3.73739e-05 
1346 788.844 1.56839e-17 -68.1021 -3.75619e-05 
1347 791.473 1.55571e-17 -68.5238 -3.77384e-05 
1348 794.125 1.54296e-17 -68.9254 -3.79033e-05 
1349 796.799 1.53014e-17 -69.3064 -3.80564e-05 
1350 799.492 1.51725e-17 -69.6665 -3.81975e-05 
1351 802.204 1.50429e-17 -70.0055 -3.83266e-05 
1352 804.932 1.49128e-17 -70.3233 -3.84437e-05 
1353 807.676 1.4782e-17 -70.62 -3.85488e-05 
1354 810.433 1.46508e-17 -70.8956 -3.86421e-05 
1355 813.204 1.45191e-17 -71.1502 -3.87237e-05 
1356 815.985 1.43868e-17 -71.3838 -3.87936e-05 
1357 818.777 1.42542e-17 -71.5966 -3.8852e-05 
1358 821.577 1.41212e-17 -71.7886 -3.88988e-05 
1359 824.384 1.39878e-17 -71.9598 -3.89342e-05 
1360 827.196 1.38541e-17 -72.1104 -3.89584e-05 
1361 830.013 1.37201e-17 -72.2404 -3.89713e-05 
1362 832.832 1.35858e-17 -72.3498 -3.89731e-05 
1363 835.652 1.34513e-17 -72.4388 -3.89638e-05 
1364 838.473 1.33167e-17 -72.5075 -3.89436e-05 
1365 841.291 1.31819e-17 -72.5559 -3.89125e-05 
1366 844.107 1.3047e-17 -72.5841 -3.88707e-05 
1367 846.917 1.2912e-17 -72.5921 -3.88182e-05 
1368 849.722 1.2777e-17 -72.5802 -3.87551e-05 
1369 852.519 1.2642e-17 -72.5483 -3.86815e-05 
1370 855.306 1.25071e-17 -72.4967 -3.85976e-05 
1371 858.083 1.23722e-17 -72.4252 -3.85033e-05 
1372 860.848 1.22375e-17 -72.3342 -3.83989e-05 
1373 863.599 1.2103e-17 -72.2236 -3.82844e-05 
1374 866.335 1.19686e-17 -72.0936 -3.81599e-05 
1375 869.053 1.18346e-17 -71.9442 -3.80255e-05 
1376 871.754 1.17008e-17 -71.7757 -3.78813e-05 
1377 874.434 1.15673e-17 -71.588 -3.77274e-05 
1378 877.092 1.14343e-17 -71.3814 -3.7564e-05 
1379 879.728 1.13016e-17 -71.1558 -3.7391e-05 
1380 882.338 1.11694e-17 -70.9116 -3.72087e-05 
1381 884.922 1.10378e-17 -70.6487 -3.70171e-05 
1382 887.478 1.09067e-17 -70.3672 -3.68163e-05 
1383 890.005 1.07762e-17 -70.0674 -3.66065e-05 
1384 892.5 1.06463e-17 -69.7494 -3.63877e-05 
1385 894.962 1.05172e-17 -69.4132 -3.616e-05 
1386 897.39 1.03888e-17 -69.059 -3.59237e-05 
1387 899.781 1.02611e-17 -68.687 -3.56787e-05 
1388 902.134 1.01343e-17 -68.2972 -3.54251e-05 
1389 904.448 1.00084e-17 -67.8899 -3.51632e-05 
1390 906.72 9.88344e-18 -67.4652 -3.4893e-05 
1391 908.949 9.75945e-18 -67.0232 -3.46145e-05 
1392 911.134 9.63648e-18 -66.564 -3.4328e-05 
1393 913.272 9.51459e-18 -66.0879 -3.40336e-05 
1394 915.362 9.39383e-18 -65.5949 -3.37313e-05 
1395 917.402 9.27426e-18 -65.0853 -3.34213e-05 
1396 919.39 9.15592e-18 -64.5591 -3.31036e-05 
1397 921.325 9.03886e-18 -64.0167 -3.27785e-05 
1398 923.205 8.92314e-18 -63.458 -3.2446e-05 
1399 925.028 8.80881e-18 -62.8833 -3.21063e-05 
1400 926.792 8.69592e-18 -62.2928 -3.17594e-05 
1401 928.496 8.58452e-18 -61.6867 -3.14055e-05 
1402 930.139 8.47463e-18 -61.0651 -3.10447e-05 
1403 931.721 8.36625e-18 -60.4285 -3.06773e-05 
1404 933.242 8.2594e-18 -59.7769 -3.03033e-05 
1405 934.7 8.15408e-18 -59.1108 -2.9923e-05 
1406 936.097 8.05031e-18 -58.4304 -2.95365e-05 
1407 937.431 7.94809e-18 -57.7359 -2.9144e-05 
1408 938.703 7.84742e-18 -57.0277 -2.87457e-05 
1409 939.912 7.74833e-18 -56.306 -2.83416e-05 
1410 941.057 7.65082e-18 -55.5712 -2.79321e-05 
1411 942.139 7.55489e-18 -54.8235 -2.75173e-05 
1412 943.157 7.46056e-18 -54.0633 -2.70973e-05 
1413 944.111 7.36784e-18 -53.2908 -2.66723e-05 
1414 945 7.27673e-18 -52.5064 -2.62426e-05 
1415 945.825 7.18725e-18 -51.7103 -2.58082e-05 
1416 946.584 7.0994e-18 -50.9029 -2.53694e-05 
1417 947.278 7.01319e-18 -50.0845 -2.49263e-05 
1418 947.906 6.92863e-18 -49.2555 -2.44791e-05 
1419 948.468 6.84574e-18 -48.4162 -2.40281e-05 
1420 948.963 6.76451e-18 -47.5668 -2.35734e-05 
1421 949.392 6.68496e-18 -46.7078 -2.31151e-05 
1422 949.754 6.60709e-18 -45.8394 -2.26535e-05 
1423 950.048 6.53092e-18 -44.9621 -2.21887e-05 
1424 950.275 6.45646e-18 -44.0762 -2.1721e-05 
1425 950.433 6.38371e-18 -43.182 -2.12505e-05 
1426 950.524 6.31268e-18 -42.28 -2.07774e-05 
1427 950.545 6.24338e-18 -41.3704 -2.03019e-05 
1428 950.498 6.17582e-18 -40.4536 -1.98242e-05 
1429 950.382 6.11001e-18 -39.53 -1.93446e-05 
1430 950.195 6.04595e-18 -38.6001 -1.88631e-05 
1431 949.939 5.98367e-18 -37.6641 -1.838e-05 
1432 949.613 5.92315e-18 -36.7224 -1.78954e-05 
1433 949.216 5.86442e-18 -35.7755 -1.74097e-05 
1434 948.748 5.80749e-18 -34.8238 -1.69229e-05 
1435 948.209 5.75235e-18 -33.8676 -1.64353e-05 
1436 947.598 5.69902e-18 -32.9074 -1.59471e-05 
1437 946.916 5.64751e-18 -31.9435 -1.54585e-05 
1438 946.161 5.59783e-18 -30.9764 -1.49696e-05 
1439 945.334 5.54999e-18 -30.0065 -1.44808e-05 
1440 944.434 5.50398e-18 -29.0342 -1.39921e-05 
1441 943.46 5.45983e-18 -28.06 -1.35039e-05 
1442 942.414 5.41754e-18 -27.0842 -1.30162e-05 
1443 941.293 5.37712e-18 -26.1074 -1.25294e-05 
1444 940.098 5.33858e-18 -25.13 -1.20436e-05 
1445 938.829 5.30192e-18 -24.1524 -1.15591e-05 
1446 937.484 5.26716e-18 -23.175 -1.1076e-05 
1447 936.065 5.23431e-18 -22.1983 -1.05946e-05 
1448 934.57 5.20336e-18 -21.2229 -1.0115e-05 
1449 932.999 5.17434e-18 -20.2491 -9.63761e-06 
1450 931.352 5.14724e-18 -19.2774 -9.1625e-06 
1451 929.629 5.12208e-18 -18.3083 -8.6899e-06 
1452 927.83 5.09883e-18 -17.342 -8.21993e-06 
1453 925.956 5.07749e-18 -16.3788 -7.75268e-06 
1454 924.008 5.05804e-18 -15.4188 -7.28825e-06 
1455 921.987 5.04046e-18 -14.4623 -6.82673e-06 
1456 919.894 5.02473e-18 -13.5095 -6.36821e-06 
1457 917.73 5.01083e-18 -12.5606 -5.9128e-06 
1458 915.496 4.99875e-18 -11.6159 -5.46058e-06 
1459 913.191 4.98847e-18 -10.6755 -5.01165e-06 
1460 910.818 4.97996e-18 -9.73979 -4.56611e-06 
1461 908.378 4.97322e-18 -8.80892 -4.12406e-06 
1462 905.871 4.96822e-18 -7.88312 -3.68559e-06 
1463 903.297 4.96493e-18 -6.96266 -3.2508e-06 
1464 900.659 4.96335e-18 -6.04776 -2.81978e-06 
1465 897.957 4.96344e-18 -5.13867 -2.39265e-06 
1466 895.192 4.9652e-18 -4.23563 -1.96949e-06 
1467 892.365 4.96859e-18 -3.33889 -1.55041e-06 
1468 889.476 4.9736e-18 -2.4487 -1.1355e-06 
1469 886.527 4.98021e-18 -1.56531 -7.24872e-07 
1470 883.519 4.98839e-18 -0.688976 -3.18621e-07 
1471 880.453 4.99812e-18 0.180045 8.31499e-08 
1472 877.33 5.00938e-18 1.0415 4.80339e-07 
1473 874.15 5.02214e-18 1.89512 8.72844e-07 
1474 870.914 5.03639e-18 2.74065 1.26056e-06 
1475 867.625 5.0521e-18 3.57782 1.64339e-06 
1476 864.282 5.06924e-18 4.40637 2.02122e-06 
1477 860.887 5.08778e-18 5.22602 2.39395e-06 
1478 857.44 5.10772e-18 6.0365 2.76148e-06 
1479 853.943 5.12902e-18 6.83754 3.12371e-06 
1480 850.397 5.15165e-18 7.62886 3.48051e-06 
1481 846.803 5.17559e-18 8.41019 3.8318e-06 
1482 843.161 5.20081e-18 9.18123 4.17745e-06 
1483 839.473 5.22729e-18 9.94171 4.51738e-06 
1484 835.74 5.255e-18 10.6913 4.85146e-06 
1485 831.963 5.28392e-18 11.4298 5.17958e-06 
1486 828.143 5.314e-18 12.1569 5.50165e-06 
1487 824.281 5.34524e-18 12.8722 5.81755e-06 
1488 820.379 5.3776e-18 13.5756 6.12718e-06 
1489 816.436 5.41105e-18 14.2666 6.43041e-06 
1490 812.455 5.44556e-18 14.945 6.72715e-06 
1491 808.436 5.4811e-18 15.6104 7.01727e-06 
1492 804.381 5.51765e-18 16.2627 7.30068e-06 
1493 800.29 5.55517e-18 16.9014 7.57725e-06 
1494 796.165 5.59363e-18 17.5262 7.84687e-06 
1495 792.007 5.63301e-18 18.1369 8.10944e-06 
1496 787.817 5.67326e-18 18.7331 8.36483e-06 
1497 783.596 5.71437e-18 19.3146 8.61294e-06 
1498 779.345 5.75629e-18 19.8809 8.85365e-06 
1499 775.065 5.799e-18 20.4318 9.08684e-06 
1500 770.759 5.84247e-18 20.9669 9.3124e-06 
1501 766.425 5.88665e-18 21.4859 9.53024e-06 
1502 762.067 5.93153e-18 21.9889 9.74037e-06 
1503 757.685 5.97709e-18 22.4759 9.94282e-06 
1504 753.279 6.02329e-18 22.9467 1.01376e-05 
1505 748.852 6.07013e-18 23.4016 1.03248e-05 
1506 744.404 6.11757e-18 23.8404 1.05045e-05 
1507 739.936 6.16559e-18 24.2632 1.06766e-05 
1508 735.45 6.21417e-18 24.67 1.08412e-05 
1509 730.947 6.26329e-18 25.0608 1.09984e-05 
1510 726.427 6.31291e-18 25.4357 1.11481e-05 
1511 721.892 6.36301e-18 25.7946 1.12905e-05 
1512 717.344 6.41358e-18 26.1377 1.14255e-05 
1513 712.782 6.46457e-18 26.4648 1.15533e-05 
1514 708.21 6.51598e-18 26.7761 1.16737e-05 
1515 703.626 6.56776e-18 27.0716 1.1787e-05 
1516 699.034 6.6199e-18 27.3512 1.1893e-05 
1517 694.434 6.67237e-18 27.6151 1.19919e-05 
1518 689.827 6.72514e-18 27.8632 1.20838e-05 
1519 685.214 6.77818e-18 28.0956 1.21685e-05 
1520 680.597 6.83147e-18 28.3123 1.22462e-05 
1521 675.976 6.88498e-18 28.5134 1.2317e-05 
1522 671.354 6.93868e-18 28.6988 1.23808e-05 
1523 666.731 6.99254e-18 28.8686 1.24377e-05 
1524 662.109 7.04654e-18 29.0229 1.24878e-05 
1525 657.488 7.10064e-18 29.1617 1.25311e-05 
1526 652.871 7.15482e-18 29.285 1.25676e-05 
1527 648.257 7.20904e-18 29.3928 1.25973e-05 
1528 643.65 7.26328e-18 29.4853 1.26204e-05 
1529 639.049 7.3175e-18 29.5624 1.26369e-05 
1530 634.456 7.37168e-18 29.6242 1.26468e-05 
1531 629.872 7.42578e-18 29.6707 1.26501e-05 
1532 625.299 7.47978e-18 29.702 1.26469e-05 
1533 620.738 7.53364e-18 29.7181 1.26373e-05 
1534 616.19 7.58733e-18 29.7191 1.26213e-05 
1535 611.657 7.64081e-18 29.7051 1.25989e-05 
1536 607.14 7.69406e-18 29.676 1.25701e-05 
1537 602.639 7.74705e-18 29.6319 1.25351e-05 
1538 598.158 7.79973e-18 29.5729 1.24939e-05 
1539 593.696 7.85208e-18 29.4991 1.24466e-05 
1540 589.255 7.90407e-18 29.4104 1.2393e-05 
1541 584.837 7.95565e-18 29.307 1.23335e-05 
1542 580.442 8.00679e-18 29.1889 1.22678e-05 
1543 576.073 8.05747e-18 29.0562 1.21962e-05 
1544 571.731 8.10764e-18 28.9089 1.21187e-05 
1545 567.416 8.15726e-18 28.7471 1.20353e-05 
1546 563.131 8.20631e-18 28.5709 1.1946e-05 
1547 558.876 8.25475e-18 28.3803 1.1851e-05 
1548 554.653 8.30254e-18 28.1754 1.17503e-05 
1549 550.464 8.34964e-18 27.9562 1.16438e-05 
1550 546.31 8.39602e-18 27.7229 1.15317e-05 
1551 542.192 8.44165e-18 27.4755 1.14141e-05 
1552 538.111 8.4865e-18 27.2142 1.1291e-05 
1553 534.067 8.53058e-18 26.9391 1.11625e-05 
1554 530.06 8.57387e-18 26.6506 1.10287e-05 
1555 526.091 8.61636e-18 26.3487 1.08898e-05 
1556 522.161 8.65805e-18 26.0337 1.07458e-05 
1557 518.269 8.69893e-18 25.7058 1.05968e-05 
1558 514.417 8.73899e-18 25.3652 1.0443e-05 
1559 510.604 8.77821e-18 25.012 1.02844e-05 
1560 506.83 8.8166e-18 24.6466 1.01211e-05 
1561 503.098 8.85413e-18 24.2691 9.95336e-06 
1562 499.406 8.89081e-18 23.8797 9.78114e-06 
1563 495.755 8.92662e-18 23.4787 9.60459e-06 
1564 492.146 8.96155e-18 23.0663 9.42381e-06 
1565 488.578 8.9956e-18 22.6427 9.23892e-06 
1566 485.054 9.02876e-18 22.2081 9.05003e-06 
1567 481.572 9.061e-18 21.7627 8.85724e-06 
1568 478.133 9.09234e-18 21.3069 8.66067e-06 
1569 474.738 9.12275e-18 20.8408 8.46042e-06 
1570 471.387 9.15223e-18 20.3647 8.25661e-06 
1571 468.081 9.18077e-18 19.8788 8.04934e-06 
1572 464.82 9.20835e-18 19.3833 7.83874e-06 
1573 461.604 9.23497e-18 18.8786 7.62492e-06 
1574 458.433 9.26062e-18 18.3648 7.40799e-06 
1575 455.31 9.2853e-18 17.8422 7.18806e-06 
1576 452.232 9.30898e-18 17.3111 6.96525e-06 
1577 449.202 9.33165e-18 16.7717 6.73967e-06 
1578 446.22 9.35332e-18 16.2243 6.51145e-06 
1579 443.285 9.37397e-18 15.6692 6.2807e-06 
1580 440.399 9.39359e-18 15.1066 6.04753e-06 
1581 437.562 9.41217e-18 14.5368 5.81207e-06 
1582 434.774 9.42969e-18 13.9601 5.57443e-06 
1583 432.036 9.44616e-18 13.3767 5.33474e-06 
1584 429.347 9.46155e-18 12.787 5.09311e-06 
1585 426.71 9.47586e-18 12.1911 4.84966e-06 
1586 424.124 9.48909e-18 11.5895 4.60453e-06 
1587 421.589 9.5012e-18 10.9824 4.35782e-06 
1588 419.106 9.51221e-18 10.37 4.10966e-06 
1589 416.676 9.5221e-18 9.75278 3.86018e-06 
1590 414.298 9.53085e-18 9.13091 3.6095e-06 
1591 411.974 9.53845e-18 8.50472 3.35774e-06 
1592 409.704 9.54491e-18 7.87453 3.10503e-06 
1593 407.488 9.55019e-18 7.24063 2.85149e-06 
1594 405.326 9.5543e-18 6.60336 2.59726e-06 
1595 403.22 9.55723e-18 5.96301 2.34246e-06 
1596 401.169 9.55895e-18 5.31991 2.08721e-06 
1597 399.175 9.55947e-18 4.67438 1.83165e-06 
1598 397.237 9.55877e-18 4.02675 1.5759e-06 
1599 395.356 9.55684e-18 3.37735 1.3201e-06 
1600 393.532 9.55367e-18 2.7265 1.06438e-06 
1601 391.767 9.54925e-18 2.07453 8.08845e-07 
1602 390.058 9.54358e-18 1.42163 5.53591e-07 
1603 388.407 9.53668e-18 0.76798 2.98684e-07 
1604 386.813 9.52856e-18 0.113777 4.41951e-08 
1605 385.274 9.51921e-18 -0.540798 -2.09804e-07 
1606 383.791 9.50867e-18 -1.19556 -4.63243e-07 
1607 382.362 9.49693e-18 -1.85031 -7.16048e-07 
1608 380.989 9.484e-18 -2.50486 -9.68148e-07 
1609 379.669 9.46989e-18 -3.15902 -1.21947e-06 
1610 378.403 9.45462e-18 -3.8126 -1.46994e-06 
1611 377.19 9.4382e-18 -4.46539 -1.71949e-06 
1612 376.03 9.42063e-18 -5.11719 -1.96803e-06 
1613 374.921 9.40192e-18 -5.76781 -2.21551e-06 
1614 373.864 9.3821e-18 -6.41705 -2.46184e-06 
1615 372.858 9.36116e-18 -7.06469 -2.70694e-06 
1616 371.902 9.33911e-18 -7.71053 -2.95075e-06 
1617 370.996 9.31598e-18 -8.35436 -3.19319e-06 
1618 370.139 9.29177e-18 -8.99597 -3.43418e-06 
1619 369.332 9.2665e-18 -9.63516 -3.67364e-06 
1620 368.572 9.24017e-18 -10.2717 -3.91151e-06 
1621 367.861 9.2128e-18 -10.9054 -4.14769e-06 
1622 367.196 9.18439e-18 -11.536 -4.38212e-06 
1623 366.578 9.15497e-18 -12.1633 -4.61472e-06 
1624 366.007 9.12454e-18 -12.787 -4.84541e-06 
1625 365.48 9.09312e-18 -13.4071 -5.07411e-06 
1626 364.999 9.06072e-18 -14.0231 -5.30074e-06 
1627 364.562 9.02735e-18 -14.635 -5.52523e-06 
1628 364.169 8.99303e-18 -15.2424 -5.74749e-06 
1629 363.82 8.95776e-18 -15.8452 -5.96744e-06 
1630 363.513 8.92157e-18 -16.443 -6.18501e-06 
1631 363.248 8.88446e-18 -17.0358 -6.40011e-06 
1632 363.025 8.84646e-18 -17.6231 -6.61267e-06 
1633 362.842 8.80756e-18 -18.2049 -6.8226e-06 
1634 362.7 8.7678e-18 -18.7808 -7.02981e-06 
1635 362.598 8.72718e-18 -19.3506 -7.23424e-06 
1636 362.535 8.68571e-18 -19.914 -7.43579e-06 
1637 362.511 8.64342e-18 -20.4709 -7.63439e-06 
1638 362.525 8.60031e-18 -21.0209 -7.82995e-06 
1639 362.576 8.55641e-18 -21.5638 -8.02238e-06 
1640 362.664 8.51172e-18 -22.0994 -8.21161e-06 
1641 362.788 8.46626e-18 -22.6274 -8.39755e-06 
1642 362.947 8.42005e-18 -23.1475 -8.58012e-06 
1643 363.142 8.37311e-18 -23.6595 -8.75922e-06 
1644 363.371 8.32544e-18 -24.1631 -8.93478e-06 
1645 363.633 8.27707e-18 -24.658 -9.10671e-06 
1646 363.929 8.22801e-18 -25.144 -9.27493e-06 
1647 364.257 8.17828e-18 -25.6208 -9.43934e-06 
1648 364.617 8.12789e-18 -26.0881 -9.59987e-06 
1649 365.008 8.07687e-18 -26.5457 -9.75642e-06 
1650 365.43 8.02522e-18 -26.9933 -9.9089e-06 
1651 365.881 7.97297e-18 -27.4307 -1.00573e-05 
1652 366.362 7.92013e-18 -27.8577 -1.02015e-05 
1653 366.871 7.86672e-18 -28.2744 -1.03415e-05 
1654 367.408 7.81275e-18 -28.6808 -1.04775e-05 
1655 367.971 7.75824e-18 -29.0768 -1.06093e-05 
1656 368.56 7.7032e-18 -29.4624 -1.07371e-05 
1657 369.175 7.64766e-18 -29.8377 -1.08607e-05 
1658 369.814 7.59162e-18 -30.2025 -1.09803e-05 
1659 370.476 7.53511e-18 -30.5569 -1.10957e-05 
1660 371.162 7.47814e-18 -30.9009 -1.12071e-05 
1661 371.869 7.42072e-18 -31.2345 -1.13145e-05 
1662 372.598 7.36289e-18 -31.5576 -1.14178e-05 
1663 373.347 7.30464e-18 -31.8702 -1.1517e-05 
1664 374.115 7.24601e-18 -32.1724 -1.16122e-05 
1665 374.903 7.187e-18 -32.464 -1.17034e-05 
1666 375.708 7.12765e-18 -32.7452 -1.17906e-05 
1667 376.53 7.06795e-18 -33.0158 -1.18738e-05 
1668 377.369 7.00794e-18 -33.2759 -1.1953e-05 
1669 378.223 6.94763e-18 -33.5255 -1.20283e-05 
1670 379.092 6.88704e-18 -33.7645 -1.20995e-05 
1671 379.974 6.82618e-18 -33.993 -1.21668e-05 
1672 380.869 6.76509e-18 -34.2109 -1.22302e-05 
1673 381.776 6.70377e-18 -34.4182 -1.22896e-05 
1674 382.695 6.64225e-18 -34.615 -1.23451e-05 
1675 383.623 6.58054e-18 -34.8011 -1.23967e-05 
1676 384.561 6.51867e-18 -34.9767 -1.24443e-05 
1677 385.508 6.45666e-18 -35.1416 -1.24881e-05 
1678 386.462 6.39452e-18 -35.296 -1.2528e-05 
1679 387.423 6.33227e-18 -35.4397 -1.25641e-05 
1680 388.39 6.26994e-18 -35.5728 -1.25962e-05 
1681 389.362 6.20755e-18 -35.6952 -1.26246e-05 
1682 390.338 6.14512e-18 -35.807 -1.26491e-05 
1683 391.318 6.08267e-18 -35.9082 -1.26697e-05 
1684 392.299 6.02022e-18 -35.9987 -1.26866e-05 
1685 393.282 5.95779e-18 -36.0786 -1.26997e-05 
1686 394.266 5.8954e-18 -36.1478 -1.27089e-05 
1687 395.249 5.83309e-18 -36.2064 -1.27145e-05 
1688 396.231 5.77085e-18 -36.2543 -1.27162e-05 
1689 397.21 5.70873e-18 -36.2915 -1.27142e-05 
1690 398.186 5.64674e-18 -36.3181 -1.27085e-05 
1691 399.158 5.58491e-18 -36.334 -1.2699e-05 
1692 400.126 5.52326e-18 -36.3392 -1.26858e-05 
1693 401.087 5.4618e-18 -36.3338 -1.2669e-05 
1694 402.041 5.40057e-18 -36.3177 -1.26484e-05 
1695 402.987 5.33959e-18 -36.291 -1.26242e-05 
1696 403.924 5.27889e-18 -36.2535 -1.25963e-05 
1697 404.852 5.21847e-18 -36.2054 -1.25648e-05 
1698 405.768 5.15838e-18 -36.1466 -1.25296e-05 
1699 406.673 5.09863e-18 -36.0772 -1.24908e-05 
1700 407.565 5.03926e-18 -35.9971 -1.24484e-05 
1701 408.444 4.98027e-18 -35.9064 -1.24025e-05 
1702 409.308 4.92168e-18 -35.8051 -1.2353e-05 
1703 410.159 4.86351e-18 -35.6935 -1.23e-05 
1704 410.994 4.80575e-18 -35.5716 -1.22436e-05 
1705 411.814 4.74841e-18 -35.4395 -1.21838e-05 
1706 412.619 4.69151e-18 -35.2974 -1.21208e-05 
1707 413.408 4.63505e-18 -35.1455 -1.20545e-05 
1708 414.18 4.57904e-18 -34.9838 -1.1985e-05 
1709 414.937 4.52348e-18 -34.8126 -1.19124e-05 
1710 415.676 4.46839e-18 -34.6318 -1.18367e-05 
1711 416.398 4.41377e-18 -34.4418 -1.1758e-05 
1712 417.102 4.35963e-18 -34.2427 -1.16763e-05 
1713 417.788 4.30598e-18 -34.0345 -1.15918e-05 
1714 418.456 4.25283e-18 -33.8174 -1.15044e-05 
1715 419.105 4.20018e-18 -33.5916 -1.14143e-05 
1716 419.735 4.14805e-18 -33.3572 -1.13215e-05 
1717 420.346 4.09644e-18 -33.1145 -1.1226e-05 
1718 420.937 4.04536e-18 -32.8634 -1.11279e-05 
1719 421.507 3.99482e-18 -32.6043 -1.10273e-05 
1720 422.057 3.94482e-18 -32.3372 -1.09243e-05 
1721 422.586 3.89539e-18 -32.0623 -1.08189e-05 
1722 423.094 3.84652e-18 -31.7798 -1.07111e-05 
1723 423.579 3.79822e-18 -31.4899 -1.0601e-05 
1724 424.043 3.7505e-18 -31.1926 -1.04888e-05 
1725 424.484 3.70338e-18 -30.8882 -1.03744e-05 
1726 424.902 3.65686e-18 -30.5769 -1.02579e-05 
1727 425.297 3.61094e-18 -30.2588 -1.01395e-05 
1728 425.669 3.56565e-18 -29.934 -1.0019e-05 
1729 426.016 3.52098e-18 -29.6028 -9.89674e-06 
1730 426.338 3.47695e-18 -29.2654 -9.77261e-06 
1731 426.636 3.43356e-18 -28.9218 -9.64674e-06 
1732 426.909 3.39083e-18 -28.5723 -9.51918e-06 
1733 427.156 3.34877e-18 -28.2172 -9.39e-06 
1734 427.377 3.30737e-18 -27.8564 -9.25927e-06 
1735 427.572 3.26666e-18 -27.4904 -9.12706e-06 
1736 427.739 3.22664e-18 -27.1191 -8.99344e-06 
1737 427.88 3.18733e-18 -26.7429 -8.85846e-06 
1738 427.993 3.14872e-18 -26.3618 -8.72221e-06 
1739 428.077 3.11084e-18 -25.9762 -8.58474e-06 
1740 428.134 3.07368e-18 -25.5862 -8.44613e-06 
1741 428.161 3.03727e-18 -25.192 -8.30645e-06 
1742 428.159 3.0016e-18 -24.7938 -8.16576e-06 
1743 428.128 2.9667e-18 -24.3917 -8.02414e-06 
1744 428.066 2.93256e-18 -23.9861 -7.88166e-06 
1745 427.974 2.89921e-18 -23.5771 -7.73838e-06 
1746 427.851 2.86664e-18 -23.1649 -7.59439e-06 
1747 427.697 2.83488e-18 -22.7497 -7.44974e-06 
1748 427.51 2.80392e-18 -22.3317 -7.30451e-06 
1749 427.292 2.77378e-18 -21.9112 -7.15877e-06 
1750 427.041 2.74448e-18 -21.4884 -7.0126e-06 
1751 426.757 2.71601e-18 -21.0634 -6.86606e-06 
1752 426.441 2.68838e-18 -20.6364 -6.71921e-06 
1753 426.091 2.66158e-18 -20.2076 -6.57208e-06 
1754 425.71 2.63561e-18 -19.7771 -6.42474e-06 
1755 425.297 2.61046e-18 -19.345 -6.27722e-06 
1756 424.852 2.58613e-18 -18.9116 -6.12958e-06 
1757 424.376 2.56262e-18 -18.4768 -5.98187e-06 
1758 423.868 2.53991e-18 -18.041 -5.83412e-06 
1759 423.33 2.51802e-18 -17.6042 -5.6864e-06 
1760 422.761 2.49692e-18 -17.1666 -5.53875e-06 
1761 422.162 2.47662e-18 -16.7283 -5.39121e-06 
1762 421.533 2.45711e-18 -16.2895 -5.24385e-06 
1763 420.874 2.43839e-18 -15.8504 -5.0967e-06 
1764 420.185 2.42045e-18 -15.4111 -4.94983e-06 
1765 419.468 2.40329e-18 -14.9717 -4.80327e-06 
1766 418.722 2.38689e-18 -14.5325 -4.65708e-06 
1767 417.947 2.37127e-18 -14.0936 -4.51131e-06 
1768 417.144 2.3564e-18 -13.6551 -4.36601e-06 
1769 416.313 2.3423e-18 -13.2172 -4.22123e-06 
1770 415.454 2.32894e-18 -12.7801 -4.07702e-06 
1771 414.568 2.31632e-18 -12.344 -3.93344e-06 
1772 413.655 2.30445e-18 -11.9089 -3.79053e-06 
1773 412.716 2.29331e-18 -11.4752 -3.64835e-06 
1774 411.749 2.28289e-18 -11.0429 -3.50695e-06 
1775 410.757 2.2732e-18 -10.6122 -3.36638e-06 
1776 409.739 2.26423e-18 -10.1833 -3.2267e-06 
1777 408.695 2.25596e-18 -9.7564 -3.08795e-06 
1778 407.626 2.2484e-18 -9.33164 -2.95019e-06 
1779 406.532 2.24154e-18 -8.90922 -2.81348e-06 
1780 405.413 2.23536e-18 -8.48931 -2.67786e-06 
1781 404.271 2.22987e-18 -8.07208 -2.5434e-06 
1782 403.104 2.22507e-18 -7.65774 -2.41013e-06 
1783 401.914 2.22093e-18 -7.24644 -2.27813e-06 
1784 400.7 2.21746e-18 -6.8384 -2.14744e-06 
1785 399.463 2.21465e-18 -6.43378 -2.01812e-06 
1786 398.204 2.21249e-18 -6.03279 -1.89022e-06 
1787 396.922 2.21097e-18 -5.6356 -1.76379e-06 
1788 395.618 2.21009e-18 -5.24242 -1.6389e-06 
1789 394.293 2.20985e-18 -4.85343 -1.5156e-06 
1790 392.946 2.21023e-18 -4.46883 -1.39394e-06 
1791 391.579 2.21122e-18 -4.08882 -1.27399e-06 
1792 390.19 2.21283e-18 -3.7136 -1.15578e-06 
1793 388.781 2.21504e-18 -3.34335 -1.03939e-06 
1794 387.352 2.21784e-18 -2.9783 -9.24872e-07 
1795 385.904 2.22123e-18 -2.61863 -8.12277e-07 
1796 384.436 2.2252e-18 -2.26456 -7.01665e-07 
1797 382.949 2.22974e-18 -1.91629 -5.93094e-07 
1798 381.443 2.23485e-18 -1.57402 -4.8662e-07 
1799 379.92 2.24051e-18 -1.23797 -3.82303e-07 
1800 378.378 2.24672e-18 -0.908349 -2.80199e-07 
1801 376.818 2.25347e-18 -0.585334 -1.80358e-07 
1802 375.242 2.26075e-18 -0.268981 -8.27886e-08 
1803 373.649 2.26856e-18 0.0406847 1.25083e-08 
1804 372.04 2.27687e-18 0.343639 1.05533e-07 
1805 370.415 2.28568e-18 0.639857 1.96285e-07 
1806 368.776 2.29499e-18 0.929317 2.84766e-07 
1807 367.122 2.30477e-18 1.21199 3.70974e-07 
1808 365.454 2.31503e-18 1.48786 4.5491e-07 
1809 363.773 2.32574e-18 1.7569 5.36574e-07 
1810 362.079 2.3369e-18 2.01908 6.15966e-07 
1811 360.373 2.3485e-18 2.27439 6.93087e-07 
1812 358.655 2.36053e-18 2.52279 7.67936e-07 
1813 356.926 2.37298e-18 2.76427 8.40514e-07 
1814 355.186 2.38583e-18 2.9988 9.10821e-07 
1815 353.436 2.39908e-18 3.22635 9.78857e-07 
1816 351.677 2.41271e-18 3.44691 1.04462e-06 
1817 349.909 2.42671e-18 3.66046 1.10812e-06 
1818 348.132 2.44107e-18 3.86696 1.16934e-06 
1819 346.348 2.45578e-18 4.06639 1.2283e-06 
1820 344.556 2.47083e-18 4.25874 1.28499e-06 
1821 342.758 2.48621e-18 4.44397 1.33941e-06 
1822 340.954 2.5019e-18 4.62207 1.39156e-06 
1823 339.144 2.51789e-18 4.79302 1.44144e-06 
1824 337.329 2.53417e-18 4.95678 1.48906e-06 
1825 335.51 2.55073e-18 5.11335 1.53441e-06 
1826 333.687 2.56755e-18 5.26268 1.57749e-06 
1827 331.861 2.58462e-18 5.40477 1.61831e-06 
1828 330.033 2.60194e-18 5.53959 1.65687e-06 
1829 328.202 2.61948e-18 5.66712 1.69316e-06 
1830 326.37 2.63723e-18 5.78733 1.72719e-06 
1831 324.537 2.65519e-18 5.90021 1.75895e-06 
1832 322.705 2.67334e-18 6.00572 1.78845e-06 
1833 320.872 2.69166e-18 6.10386 1.81569e-06 
1834 319.04 2.71014e-18 6.19459 1.84067e-06 
1835 317.21 2.72877e-18 6.27789 1.8634e-06 
1836 315.383 2.74754e-18 6.35375 1.88386e-06 
1837 313.558 2.76643e-18 6.42214 1.90207e-06 
1838 311.736 2.78542e-18 6.48304 1.91801e-06 
1839 309.919 2.80451e-18 6.53643 1.93171e-06 
1840 308.106 2.82367e-18 6.58228 1.94314e-06 
1841 306.299 2.84291e-18 6.62058 1.95233e-06 
1842 304.497 2.86219e-18 6.6513 1.95926e-06 
1843 302.703 2.88151e-18 6.67443 1.96394e-06 
1844 300.915 2.90085e-18 6.68993 1.96637e-06 
1845 299.135 2.9202e-18 6.6978 1.96655e-06 
1846 297.364 2.93954e-18 6.698 1.96448e-06 
1847 295.602 2.95886e-18 6.69052 1.96016e-06 
1848 293.849 2.97814e-18 6.67534 1.9536e-06 
1849 292.107 2.99737e-18 6.65244 1.94479e-06 
1850 290.376 3.01652e-18 6.62179 1.93374e-06 
1851 288.657 3.0356e-18 6.58339 1.92045e-06 
1852 286.949 3.05459e-18 6.53731 1.90495e-06 
1853 285.254 3.07348e-18 6.48362 1.88726e-06 
1854 283.571 3.09227e-18 6.4224 1.86743e-06 
1855 281.901 3.11095e-18 6.35375 1.84547e-06 
1856 280.244 3.12951e-18 6.27773 1.82143e-06 
1857 278.601 3.14795e-18 6.19443 1.79533e-06 
1858 276.971 3.16626e-18 6.10395 1.7672e-06 
1859 275.355 3.18444e-18 6.00635 1.73707e-06 
1860 273.753 3.20247e-18 5.90174 1.70499e-06 
1861 272.166 3.22035e-18 5.7902 1.67096e-06 
1862 270.594 3.23808e-18 5.67181 1.63504e-06 
1863 269.036 3.25564e-18 5.54666 1.59725e-06 
1864 267.494 3.27303e-18 5.41486 1.55762e-06 
1865 265.967 3.29025e-18 5.27648 1.51619e-06 
1866 264.457 3.30728e-18 5.13163 1.47299e-06 
1867 262.962 3.32411e-18 4.98039 1.42804e-06 
1868 261.484 3.34075e-18 4.82285 1.3814e-06 
1869 260.023 3.35718e-18 4.65913 1.33307e-06 
1870 258.579 3.3734e-18 4.48931 1.28311e-06 
1871 257.152 3.3894e-18 4.31348 1.23154e-06 
1872 255.743 3.40517e-18 4.13176 1.1784e-06 
1873 254.351 3.4207e-18 3.94423 1.12371e-06 
1874 252.978 3.43599e-18 3.751 1.06752e-06 
1875 251.624 3.45103e-18 3.55217 1.00986e-06 
1876 250.288 3.46581e-18 3.34785 9.50756e-07 
1877 248.971 3.48032e-18 3.13814 8.9025e-07 
1878 247.674 3.49456e-18 2.92313 8.28374e-07 
1879 246.397 3.50852e-18 2.70295 7.65162e-07 
1880 245.139 3.52218e-18 2.4777 7.0065e-07 
1881 243.902 3.53555e-18 2.24748 6.34872e-07 
1882 242.686 3.54861e-18 2.0124 5.67864e-07 
1883 241.49 3.56136e-18 1.77258 4.99659e-07 
1884 240.316 3.57379e-18 1.52812 4.30294e-07 
1885 239.163 3.58588e-18 1.27914 3.59804e-07 
1886 238.032 3.59764e-18 1.02576 2.88225e-07 
1887 236.923 3.60905e-18 0.768083 2.15593e-07 
1888 235.837 3.62011e-18 0.506229 1.41943e-07 
1889 234.774 3.6308e-18 0.240316 6.73113e-08 
1890 233.733 3.64112e-18 -0.0295394 -8.2651e-09 
1891 232.716 3.65106e-18 -0.303217 -8.47501e-08 
1892 231.723 3.66061e-18 -0.580596 -1.62107e-07 
1893 230.754 3.66977e-18 -0.861555 -2.40299e-07 
1894 229.809 3.67851e-18 -1.14597 -3.1929e-07 
1895 228.889 3.68684e-18 -1.43372 -3.99041e-07 
1896 227.994 3.69475e-18 -1.72468 -4.79517e-07 
1897 227.124 3.70223e-18 -2.01873 -5.60678e-07 
1898 226.28 3.70926e-18 -2.31572 -6.42489e-07 
1899 225.462 3.71584e-18 -2.61555 -7.24911e-07 
1900 224.67 3.72196e-18 -2.91807 -8.07905e-07 
1901 223.904 3.72762e-18 -3.22316 -8.91435e-07 
1902 223.165 3.73281e-18 -3.53068 -9.75458e-07 
1903 222.452 3.73753e-18 -3.84048 -1.05994e-06 
1904 221.766 3.74179e-18 -4.15242 -1.14482e-06 
1905 221.104 3.74559e-18 -4.46635 -1.23009e-06 
1906 220.469 3.74894e-18 -4.78214 -1.31568e-06 
1907 219.859 3.75182e-18 -5.09963 -1.40155e-06 
1908 219.273 3.75426e-18 -5.41868 -1.48768e-06 
1909 218.713 3.75624e-18 -5.73913 -1.57401e-06 
1910 218.177 3.75778e-18 -6.06084 -1.6605e-06 
1911 217.666 3.75887e-18 -6.38365 -1.74711e-06 
1912 217.179 3.75952e-18 -6.70741 -1.8338e-06 
1913 216.716 3.75973e-18 -7.03197 -1.92053e-06 
1914 216.276 3.7595e-18 -7.35716 -2.00724e-06 
1915 215.86 3.75884e-18 -7.68284 -2.09391e-06 
1916 215.468 3.75774e-18 -8.00883 -2.18048e-06 
1917 215.098 3.75621e-18 -8.33499 -2.26691e-06 
1918 214.751 3.75426e-18 -8.66115 -2.35316e-06 
1919 214.427 3.75188e-18 -8.98715 -2.43919e-06 
1920 214.125 3.74908e-18 -9.31283 -2.52495e-06 
1921 213.845 3.74586e-18 -9.63801 -2.6104e-06 
1922 213.587 3.74223e-18 -9.96254 -2.69549e-06 
1923 213.351 3.73818e-18 -10.2862 -2.78018e-06 
1924 213.136 3.73373e-18 -10.6089 -2.86442e-06 
1925 212.942 3.72887e-18 -10.9305 -2.94817e-06 
1926 212.769 3.7236e-18 -11.2507 -3.03138e-06 
1927 212.617 3.71793e-18 -11.5694 -3.11402e-06 
1928 212.485 3.71187e-18 -11.8864 -3.19603e-06 
1929 212.373 3.70541e-18 -12.2015 -3.27736e-06 
1930 212.281 3.69856e-18 -12.5146 -3.35798e-06 
1931 212.209 3.69133e-18 -12.8255 -3.43784e-06 
1932 212.156 3.68371e-18 -13.134 -3.51688e-06 
1933 212.123 3.67571e-18 -13.4399 -3.59507e-06 
1934 212.108 3.66733e-18 -13.743 -3.67236e-06 
1935 212.112 3.65857e-18 -14.0432 -3.7487e-06 
1936 212.134 3.64945e-18 -14.3403 -3.82404e-06 
1937 212.175 3.63996e-18 -14.634 -3.89834e-06 
1938 212.233 3.6301e-18 -14.9242 -3.97155e-06 
1939 212.309 3.61988e-18 -15.2107 -4.04363e-06 
1940 212.402 3.60931e-18 -15.4934 -4.11452e-06 
1941 212.512 3.59838e-18 -15.7719 -4.18417e-06 
1942 212.639 3.58711e-18 -16.0462 -4.25255e-06 
1943 212.783 3.57549e-18 -16.3159 -4.3196e-06 
1944 212.943 3.56352e-18 -16.581 -4.38527e-06 
1945 213.119 3.55122e-18 -16.8413 -4.44951e-06 
1946 213.311 3.53859e-18 -17.0964 -4.51229e-06 
1947 213.518 3.52562e-18 -17.3463 -4.57354e-06 
1948 213.741 3.51233e-18 -17.5907 -4.63321e-06 
1949 213.978 3.49872e-18 -17.8294 -4.69127e-06 
1950 214.231 3.48478e-18 -18.0622 -4.74766e-06 
1951 214.497 3.47054e-18 -18.289 -4.80234e-06 
1952 214.778 3.45598e-18 -18.5098 -4.85533e-06 
1953 215.073 3.44111e-18 -18.7246 -4.90667e-06 
1954 215.381 3.42594e-18 -18.9337 -4.95638e-06 
1955 215.703 3.41047e-18 -19.1371 -5.00449e-06 
1956 216.038 3.3947e-18 -19.3348 -5.05104e-06 
1957 216.385 3.37863e-18 -19.5271 -5.09606e-06 
1958 216.746 3.36227e-18 -19.714 -5.13958e-06 
1959 217.119 3.34563e-18 -19.8956 -5.18163e-06 
1960 217.504 3.3287e-18 -20.072 -5.22225e-06 
1961 217.901 3.31148e-18 -20.2434 -5.26147e-06 
1962 218.31 3.29399e-18 -20.4098 -5.29931e-06 
1963 218.731 3.27623e-18 -20.5714 -5.33582e-06 
1964 219.162 3.25819e-18 -20.7282 -5.37102e-06 
1965 219.605 3.23989e-18 -20.8804 -5.40495e-06 
1966 220.058 3.22132e-18 -21.028 -5.43765e-06 
1967 220.521 3.20249e-18 -21.1713 -5.46913e-06 
1968 220.995 3.18341e-18 -21.3103 -5.49945e-06 
1969 221.478 3.16407e-18 -21.4452 -5.52863e-06 
1970 221.971 3.14448e-18 -21.5759 -5.5567e-06 
1971 222.474 3.12465e-18 -21.7028 -5.5837e-06 
1972 222.986 3.10458e-18 -21.8258 -5.60966e-06 
1973 223.506 3.08427e-18 -21.9452 -5.63463e-06 
1974 224.035 3.06373e-18 -22.061 -5.65862e-06 
1975 224.572 3.04296e-18 -22.1733 -5.68168e-06 
1976 225.118 3.02196e-18 -22.2823 -5.70384e-06 
1977 225.671 3.00074e-18 -22.3882 -5.72513e-06 
1978 226.232 2.9793e-18 -22.4909 -5.74559e-06 
1979 226.8 2.95765e-18 -22.5907 -5.76526e-06 
1980 227.374 2.93579e-18 -22.6877 -5.78417e-06 
1981 227.956 2.91373e-18 -22.782 -5.80236e-06 
1982 228.544 2.89146e-18 -22.8738 -5.81985e-06 
1983 229.138 2.869e-18 -22.9631 -5.83669e-06 
1984 229.738 2.84635e-18 -23.0502 -5.85292e-06 
1985 230.343 2.82351e-18 -23.1351 -5.86856e-06 
1986 230.954 2.80048e-18 -23.218 -5.88366e-06 
1987 231.57 2.77728e-18 -23.299 -5.89825e-06 
1988 232.191 2.7539e-18 -23.3783 -5.91236e-06 
1989 232.815 2.73035e-18 -23.4559 -5.92604e-06 
1990 233.445 2.70664e-18 -23.5321 -5.93932e-06 
1991 234.078 2.68276e-18 -23.607 -5.95223e-06 
1992 234.714 2.65873e-18 -23.6807 -5.96482e-06 
1993 235.354 2.63455e-18 -23.7533 -5.97712e-06 
1994 235.997 2.61022e-18 -23.8251 -5.98917e-06 
1995 236.643 2.58574e-18 -23.8961 -6.00101e-06 
1996 237.291 2.56113e-18 -23.9665 -6.01266e-06 
1997 237.941 2.53639e-18 -24.0365 -6.02418e-06 
1998 238.593 2.51152e-18 -24.1062 -6.0356e-06 
1999 239.246 2.48653e-18 -24.1757 -6.04696e-06 
2000 239.901 2.46142e-18 -24.2453 -6.05829e-06 
