-11.5129 1.41822e+23 2.13154e-15 -2.09648e-15 2.0959e-15 0.0051884 0.027706 7.08638e-17 0.571653 0.395452 0 9.81676e+07 2.35875e+09 4.37766e+26 
-11.45 1.50945e+23 2.00377e-15 -1.96875e-15 1.96814e-15 0.00551334 0.0294413 9.09349e-17 0.570436 0.39461 0 8.66593e+07 2.67287e+09 4.37757e+26 
-11.3872 1.60649e+23 1.88379e-15 -1.84881e-15 1.84816e-15 0.00585786 0.031281 1.16675e-16 0.569145 0.393717 0 7.65053e+07 3.02876e+09 4.37747e+26 
-11.3243 1.70971e+23 1.77111e-15 -1.73617e-15 1.73549e-15 0.00622303 0.033231 1.4968e-16 0.567776 0.39277 0 6.75458e+07 3.4319e+09 4.37737e+26 
-11.2614 1.81949e+23 1.6653e-15 -1.63041e-15 1.62968e-15 0.00660996 0.0352972 1.91994e-16 0.566326 0.391767 0 5.964e+07 3.88838e+09 4.37726e+26 
-11.1985 1.93624e+23 1.56594e-15 -1.53109e-15 1.53032e-15 0.00701984 0.037486 2.46229e-16 0.56479 0.390704 0 5.26637e+07 4.40552e+09 4.37714e+26 
-11.1357 2.0604e+23 1.47263e-15 -1.43783e-15 1.43701e-15 0.00745389 0.0398038 3.15732e-16 0.563163 0.389579 0 4.65073e+07 4.99098e+09 4.37702e+26 
-11.0728 2.19241e+23 1.385e-15 -1.35026e-15 1.34939e-15 0.00791336 0.0422574 4.04782e-16 0.561442 0.388388 0 4.10743e+07 5.65397e+09 4.37689e+26 
-11.0099 2.33278e+23 1.30271e-15 -1.26803e-15 1.2671e-15 0.00839957 0.0448537 5.18849e-16 0.559619 0.387127 0 3.62794e+07 6.40473e+09 4.37675e+26 
-10.947 2.48199e+23 1.22543e-15 -1.19081e-15 1.18983e-15 0.00891388 0.0476001 6.64928e-16 0.557692 0.385794 0 3.20474e+07 7.2544e+09 4.3766e+26 
-10.8841 2.64062e+23 1.15286e-15 -1.1183e-15 1.11726e-15 0.00945769 0.0505041 8.51955e-16 0.555654 0.384384 0 2.83121e+07 8.21654e+09 4.37644e+26 
-10.8213 2.80922e+23 1.08471e-15 -1.05021e-15 1.04911e-15 0.0100324 0.0535732 1.09135e-15 0.5535 0.382894 0 2.50149e+07 9.30533e+09 4.37627e+26 
-10.7584 2.9884e+23 1.0207e-15 -9.86275e-16 9.85114e-16 0.0106396 0.0568155 1.39767e-15 0.551225 0.38132 0 2.21044e+07 1.05376e+10 4.37609e+26 
-10.6955 3.1788e+23 9.60592e-16 -9.26242e-16 9.25013e-16 0.0112807 0.060239 1.78953e-15 0.548822 0.379658 0 1.95349e+07 1.19323e+10 4.3759e+26 
-10.6326 3.38111e+23 9.04142e-16 -8.69871e-16 8.68572e-16 0.0119573 0.063852 2.29066e-15 0.546287 0.377904 0 1.72663e+07 1.35098e+10 4.3757e+26 
-10.5697 3.59603e+23 8.51127e-16 -8.1694e-16 8.15566e-16 0.012671 0.067663 2.93131e-15 0.543612 0.376054 0 1.52633e+07 1.5295e+10 4.37548e+26 
-10.5069 3.82432e+23 8.01337e-16 -7.67239e-16 7.65788e-16 0.0134233 0.0716804 3.75004e-15 0.540793 0.374104 0 1.34947e+07 1.7314e+10 4.37525e+26 
-10.444 4.06678e+23 7.54577e-16 -7.20572e-16 7.1904e-16 0.0142159 0.0759131 4.79596e-15 0.537822 0.372049 0 1.19328e+07 1.95973e+10 4.37501e+26 
-10.3811 4.32425e+23 7.1066e-16 -6.76754e-16 6.75137e-16 0.0150505 0.0803696 6.13161e-15 0.534695 0.369885 0 1.05534e+07 2.21799e+10 4.37475e+26 
-10.3182 4.59759e+23 6.69413e-16 -6.35612e-16 6.33906e-16 0.0159286 0.0850587 7.83656e-15 0.531404 0.367609 0 9.33508e+06 2.50989e+10 4.37448e+26 
-10.2553 4.88776e+23 6.30674e-16 -5.96983e-16 5.95183e-16 0.0168519 0.0899891 1.0012e-14 0.527944 0.365215 0 8.25887e+06 2.83993e+10 4.37419e+26 
-10.1925 5.19573e+23 5.94289e-16 -5.60714e-16 5.58817e-16 0.017822 0.0951693 1.27865e-14 0.524308 0.3627 0 7.30811e+06 3.21293e+10 4.37388e+26 
-10.1296 5.5225e+23 5.60113e-16 -5.26661e-16 5.24663e-16 0.0188404 0.100608 1.63234e-14 0.520492 0.36006 0 6.46808e+06 3.63434e+10 4.37356e+26 
-10.0667 5.8692e+23 5.28013e-16 -4.9469e-16 4.92587e-16 0.0199088 0.106313 2.083e-14 0.516488 0.35729 0 5.7258e+06 4.11058e+10 4.37321e+26 
-10.0038 6.23692e+23 4.97861e-16 -4.64673e-16 4.62461e-16 0.0210286 0.112293 2.65692e-14 0.512292 0.354387 0 5.06981e+06 4.64832e+10 4.37284e+26 
-9.94095 6.62686e+23 4.69538e-16 -4.36493e-16 4.34167e-16 0.0222012 0.118554 3.38742e-14 0.507897 0.351347 0 4.49e+06 5.25568e+10 4.37245e+26 
-9.87807 7.04029e+23 4.42932e-16 -4.10037e-16 4.07594e-16 0.023428 0.125106 4.3167e-14 0.5033 0.348167 0 3.97745e+06 5.94143e+10 4.37204e+26 
-9.81519 7.47848e+23 4.17939e-16 -3.85201e-16 3.82637e-16 0.0247102 0.131953 5.49816e-14 0.498494 0.344843 0 3.52429e+06 6.71526e+10 4.3716e+26 
-9.75231 7.94283e+23 3.94458e-16 -3.61886e-16 3.59196e-16 0.026049 0.139102 6.99933e-14 0.493477 0.341372 0 3.12358e+06 7.58875e+10 4.37114e+26 
-9.68943 8.43475e+23 3.72399e-16 -3.39999e-16 3.37181e-16 0.0274454 0.146558 8.9055e-14 0.488244 0.337752 0 2.76918e+06 8.5739e+10 4.37064e+26 
-9.62655 8.95573e+23 3.51673e-16 -3.19455e-16 3.16503e-16 0.0289002 0.154327 1.13244e-13 0.482792 0.333981 0 2.45569e+06 9.68507e+10 4.37012e+26 
-9.56368 9.50734e+23 3.32198e-16 -3.0017e-16 2.97082e-16 0.0304141 0.162411 1.43917e-13 0.477119 0.330056 0 2.17834e+06 1.09381e+11 4.36957e+26 
-9.5008 1.00912e+24 3.13899e-16 -2.82069e-16 2.78842e-16 0.0319876 0.170814 1.82786e-13 0.471222 0.325977 0 1.9329e+06 1.235e+11 4.36899e+26 
-9.43792 1.0709e+24 2.96703e-16 -2.6508e-16 2.6171e-16 0.0336211 0.179537 2.32004e-13 0.4651 0.321742 0 1.71567e+06 1.39414e+11 4.36837e+26 
-9.37504 1.13625e+24 2.80541e-16 -2.49135e-16 2.4562e-16 0.0353145 0.188579 2.94281e-13 0.458754 0.317352 0 1.52335e+06 1.57337e+11 4.36772e+26 
-9.31216 1.20535e+24 2.65351e-16 -2.34171e-16 2.30507e-16 0.0370677 0.197942 3.73017e-13 0.452184 0.312807 0 1.35306e+06 1.77519e+11 4.36702e+26 
-9.24928 1.27839e+24 2.51073e-16 -2.20128e-16 2.16314e-16 0.0388804 0.207621 4.72484e-13 0.445391 0.308108 0 1.20223e+06 2.00241e+11 4.36629e+26 
-9.1864 1.35557e+24 2.3765e-16 -2.0695e-16 2.02984e-16 0.0407517 0.217614 5.98035e-13 0.438378 0.303256 0 1.06861e+06 2.25802e+11 4.36552e+26 
-9.12352 1.4371e+24 2.2503e-16 -1.94584e-16 1.90465e-16 0.0426807 0.227915 7.56375e-13 0.431149 0.298255 0 950194 2.5456e+11 4.36471e+26 
-9.06064 1.52319e+24 2.13164e-16 -1.82981e-16 1.78708e-16 0.0446663 0.238518 9.55891e-13 0.423708 0.293108 0 845233 2.86893e+11 4.36385e+26 
-8.99776 1.61404e+24 2.02004e-16 -1.72095e-16 1.67667e-16 0.0467066 0.249413 1.20707e-12 0.416062 0.287818 0 752168 3.23231e+11 4.36294e+26 
-8.93489 1.7099e+24 1.91507e-16 -1.61882e-16 1.57299e-16 0.0488 0.260592 1.52299e-12 0.408217 0.282392 0 669626 3.64065e+11 4.36198e+26 
-8.87201 1.81099e+24 1.81633e-16 -1.523e-16 1.47563e-16 0.0509441 0.272041 1.91997e-12 0.400181 0.276833 0 596394 4.09911e+11 4.36097e+26 
-8.80913 1.91755e+24 1.72342e-16 -1.43312e-16 1.38422e-16 0.0531365 0.283749 2.41834e-12 0.391965 0.271149 0 531400 4.61384e+11 4.3599e+26 
-8.74625 2.02983e+24 1.63598e-16 -1.34881e-16 1.2984e-16 0.0553743 0.295699 3.04339e-12 0.383579 0.265348 0 473699 5.19138e+11 4.35878e+26 
-8.68337 2.14808e+24 1.55368e-16 -1.26973e-16 1.21783e-16 0.0576543 0.307874 3.82653e-12 0.375034 0.259437 0 422453 5.83904e+11 4.3576e+26 
-8.62049 2.27258e+24 1.4762e-16 -1.19555e-16 1.1422e-16 0.0599733 0.320257 4.80679e-12 0.366344 0.253425 0 376923 6.56527e+11 4.35635e+26 
-8.55761 2.40357e+24 1.40324e-16 -1.12599e-16 1.07121e-16 0.0623274 0.332829 6.03254e-12 0.357522 0.247322 0 336458 7.37883e+11 4.35504e+26 
-8.49473 2.54134e+24 1.33451e-16 -1.06075e-16 1.00459e-16 0.0647128 0.345566 7.56372e-12 0.348582 0.241138 0 300478 8.29014e+11 4.35366e+26 
-8.43185 2.68618e+24 1.26976e-16 -9.99568e-17 9.42075e-17 0.0671253 0.358449 9.47448e-12 0.339542 0.234884 0 268475 9.31037e+11 4.35222e+26 
-8.36897 2.83836e+24 1.20873e-16 -9.42194e-17 8.83423e-17 0.0695604 0.371452 1.18565e-11 0.330416 0.228571 0 239996 1.04517e+12 4.35069e+26 
-8.3061 2.99818e+24 1.15119e-16 -8.88394e-17 8.28402e-17 0.0720136 0.384553 1.48229e-11 0.321222 0.222212 0 214642 1.17285e+12 4.3491e+26 
-8.24322 3.16596e+24 1.09693e-16 -8.37945e-17 7.76797e-17 0.0744803 0.397725 1.85133e-11 0.311978 0.215817 0 192061 1.31555e+12 4.34742e+26 
-8.18034 3.34199e+24 1.04575e-16 -7.90638e-17 7.28405e-17 0.0769556 0.410943 2.30997e-11 0.302702 0.2094 0 171940 1.47499e+12 4.34566e+26 
-8.11746 3.52658e+24 9.97443e-17 -7.46279e-17 6.83034e-17 0.0794347 0.424181 2.87938e-11 0.293411 0.202973 0 154004 1.65306e+12 4.34381e+26 
-8.05458 3.72007e+24 9.51839e-17 -7.04682e-17 6.40504e-17 0.0819126 0.437413 3.58562e-11 0.284125 0.196549 0 138006 1.85179e+12 4.34188e+26 
-7.9917 3.92278e+24 9.08769e-17 -6.65674e-17 6.00647e-17 0.0843845 0.450613 4.46067e-11 0.274861 0.190141 0 123732 2.07353e+12 4.33985e+26 
-7.92882 4.13505e+24 8.68074e-17 -6.29093e-17 5.63301e-17 0.0868456 0.463756 5.54383e-11 0.265638 0.18376 0 110988 2.32077e+12 4.33773e+26 
-7.86594 4.35721e+24 8.29608e-17 -5.94785e-17 5.28318e-17 0.0892911 0.476814 6.88325e-11 0.256474 0.177421 0 99605.6 2.59633e+12 4.33551e+26 
-7.80306 4.58961e+24 7.93231e-17 -5.62606e-17 4.95554e-17 0.0917163 0.489765 8.538e-11 0.247385 0.171133 0 89434 2.90334e+12 4.33318e+26 
-7.74018 4.83262e+24 7.58814e-17 -5.32421e-17 4.64877e-17 0.0941169 0.502584 1.05804e-10 0.238389 0.16491 0 80339.7 3.24512e+12 4.33075e+26 
-7.67731 5.08658e+24 7.26235e-17 -5.04103e-17 4.3616e-17 0.0964884 0.515248 1.30988e-10 0.229502 0.158762 0 72204.5 3.62556e+12 4.32821e+26 
-7.61443 5.35187e+24 6.95382e-17 -4.77532e-17 4.09284e-17 0.0988268 0.527735 1.62015e-10 0.220738 0.1527 0 64923.6 4.04873e+12 4.32556e+26 
-7.55155 5.62887e+24 6.66148e-17 -4.52596e-17 3.84136e-17 0.101128 0.540025 2.00207e-10 0.212113 0.146733 0 58403.8 4.51922e+12 4.32279e+26 
-7.48867 5.91796e+24 6.38432e-17 -4.2919e-17 3.60612e-17 0.103389 0.552099 2.47176e-10 0.20364 0.140872 0 52562.7 5.04219e+12 4.3199e+26 
-7.42579 6.21953e+24 6.12144e-17 -4.07214e-17 3.3861e-17 0.105607 0.563939 3.04891e-10 0.19533 0.135124 0 47326.9 5.62304e+12 4.31688e+26 
-7.36291 6.53399e+24 5.87194e-17 -3.86577e-17 3.18036e-17 0.107777 0.57553 3.75755e-10 0.187196 0.129497 0 42631.3 6.26808e+12 4.31374e+26 
-7.30003 6.86173e+24 5.63502e-17 -3.67191e-17 2.988e-17 0.109898 0.586856 4.62693e-10 0.179248 0.123998 0 38418 6.98401e+12 4.31046e+26 
-7.23715 7.20318e+24 5.40992e-17 -3.48974e-17 2.8082e-17 0.111967 0.597906 5.69269e-10 0.171493 0.118634 0 34635.5 7.77821e+12 4.30705e+26 
-7.17427 7.55877e+24 5.19593e-17 -3.31851e-17 2.64015e-17 0.113983 0.608668 6.99825e-10 0.16394 0.113409 0 31238.2 8.65911e+12 4.30349e+26 
-7.11139 7.92892e+24 4.99238e-17 -3.15749e-17 2.4831e-17 0.115942 0.619133 8.5964e-10 0.156596 0.108328 0 28185.3 9.63544e+12 4.29979e+26 
-7.04851 8.31409e+24 4.79865e-17 -3.00602e-17 2.33635e-17 0.117845 0.629293 1.05514e-09 0.149466 0.103396 0 25440.5 1.07174e+13 4.29594e+26 
-6.98564 8.71474e+24 4.61416e-17 -2.86347e-17 2.19924e-17 0.11969 0.639142 1.29413e-09 0.142554 0.0986143 0 22971.6 1.19159e+13 4.29193e+26 
-6.92276 9.13133e+24 4.43837e-17 -2.72926e-17 2.07113e-17 0.121475 0.648676 1.58611e-09 0.135863 0.0939858 0 20749.8 1.32428e+13 4.28776e+26 
-6.85988 9.56434e+24 4.27077e-17 -2.60284e-17 1.95143e-17 0.123201 0.657892 1.9426e-09 0.129396 0.0895119 0 18749.5 1.47118e+13 4.28343e+26 
-6.797 1.00143e+25 4.11089e-17 -2.48369e-17 1.8396e-17 0.124867 0.666787 2.37761e-09 0.123153 0.0851933 0 16947.7 1.6337e+13 4.27894e+26 
-6.73412 1.04816e+25 3.95828e-17 -2.37134e-17 1.73511e-17 0.126472 0.675362 2.90813e-09 0.117135 0.0810303 0 15324.1 1.81347e+13 4.27426e+26 
-6.67124 1.09669e+25 3.81254e-17 -2.26534e-17 1.63746e-17 0.128018 0.683618 3.5548e-09 0.111341 0.0770222 0 13860.3 2.01228e+13 4.26941e+26 
-6.60836 1.14707e+25 3.67327e-17 -2.16528e-17 1.5462e-17 0.129505 0.691557 4.34263e-09 0.10577 0.0731682 0 12540.2 2.23201e+13 4.26437e+26 
-6.54548 1.19935e+25 3.54012e-17 -2.07077e-17 1.4609e-17 0.130933 0.699182 5.30199e-09 0.100419 0.0694666 0 11349.1 2.47488e+13 4.25914e+26 
-6.4826 1.25358e+25 3.41275e-17 -1.98144e-17 1.38116e-17 0.132303 0.706496 6.46968e-09 0.0952856 0.0659156 0 10274 2.74317e+13 4.25372e+26 
-6.41972 1.30984e+25 3.29084e-17 -1.89697e-17 1.30658e-17 0.133615 0.713506 7.89032e-09 0.0903664 0.0625126 0 9303.22 3.03949e+13 4.24809e+26 
-6.35685 1.36817e+25 3.1741e-17 -1.81703e-17 1.23683e-17 0.134872 0.720216 9.61798e-09 0.0856572 0.059255 0 8426.34 3.36673e+13 4.24226e+26 
-6.29397 1.42864e+25 3.06224e-17 -1.74133e-17 1.17156e-17 0.136074 0.726633 1.17182e-08 0.0811537 0.0561396 0 7633.97 3.72792e+13 4.23621e+26 
-6.23109 1.49131e+25 2.95503e-17 -1.66961e-17 1.11046e-17 0.137222 0.732764 1.42703e-08 0.076851 0.0531631 0 6917.74 4.1266e+13 4.22995e+26 
-6.16821 1.55624e+25 2.8522e-17 -1.6016e-17 1.05326e-17 0.138318 0.738617 1.73705e-08 0.0727438 0.0503219 0 6270.1 4.56649e+13 4.22345e+26 
-6.10533 1.62351e+25 2.75354e-17 -1.53708e-17 9.99671e-18 0.139363 0.744198 2.11352e-08 0.0688268 0.0476123 0 5684.31 5.05174e+13 4.21673e+26 
-6.04245 1.69319e+25 2.65883e-17 -1.47582e-17 9.49449e-18 0.140359 0.749517 2.57053e-08 0.0650942 0.0450302 0 5154.3 5.58701e+13 4.20976e+26 
-5.97957 1.76533e+25 2.56788e-17 -1.41761e-17 9.02358e-18 0.141307 0.754581 3.12515e-08 0.0615402 0.0425716 0 4674.61 6.17716e+13 4.20254e+26 
-5.91669 1.84003e+25 2.48049e-17 -1.36228e-17 8.5818e-18 0.14221 0.759399 3.79804e-08 0.0581588 0.0402324 0 4240.34 6.82789e+13 4.19508e+26 
-5.85381 1.91735e+25 2.3965e-17 -1.30963e-17 8.16711e-18 0.143067 0.76398 4.61419e-08 0.0549439 0.0380085 0 3847.09 7.54519e+13 4.18734e+26 
-5.79093 1.99737e+25 2.31574e-17 -1.25952e-17 7.77762e-18 0.143883 0.768333 5.60385e-08 0.0518894 0.0358955 0 3490.9 8.33567e+13 4.17934e+26 
-5.72806 2.08018e+25 2.23806e-17 -1.21177e-17 7.41159e-18 0.144656 0.772465 6.80363e-08 0.0489892 0.0338892 0 3168.18 9.20688e+13 4.17106e+26 
-5.66518 2.16586e+25 2.16331e-17 -1.16626e-17 7.06738e-18 0.145391 0.776387 8.25779e-08 0.0462372 0.0319854 0 2875.74 1.01666e+14 4.16249e+26 
-5.6023 2.25449e+25 2.09135e-17 -1.12285e-17 6.74347e-18 0.146087 0.780105 1.00199e-07 0.0436273 0.03018 0 2610.65 1.12239e+14 4.15363e+26 
-5.53942 2.34616e+25 2.02206e-17 -1.08142e-17 6.43846e-18 0.146747 0.78363 1.21547e-07 0.0411536 0.0284688 0 2370.33 1.23886e+14 4.14446e+26 
-5.47654 2.44097e+25 1.95531e-17 -1.04185e-17 6.15104e-18 0.147373 0.786969 1.47406e-07 0.0388103 0.0268478 0 2152.4 1.36711e+14 4.13498e+26 
-5.41366 2.53901e+25 1.891e-17 -1.00403e-17 5.88001e-18 0.147965 0.790131 1.78723e-07 0.0365915 0.0253129 0 1954.75 1.50835e+14 4.12518e+26 
-5.35078 2.64037e+25 1.82901e-17 -9.6787e-18 5.62424e-18 0.148525 0.793123 2.16644e-07 0.0344916 0.0238602 0 1775.45 1.66385e+14 4.11504e+26 
-5.2879 2.74517e+25 1.76925e-17 -9.33271e-18 5.3827e-18 0.149055 0.795953 2.62553e-07 0.0325052 0.0224861 0 1612.77 1.83505e+14 4.10456e+26 
-5.22502 2.8535e+25 1.71162e-17 -9.0015e-18 5.15442e-18 0.149556 0.79863 3.18126e-07 0.0306269 0.0211867 0 1465.15 2.02353e+14 4.09373e+26 
-5.16214 2.96547e+25 1.65602e-17 -8.68425e-18 4.93851e-18 0.15003 0.80116 3.85387e-07 0.0288515 0.0199586 0 1331.17 2.23095e+14 4.08253e+26 
-5.09927 3.0812e+25 1.60238e-17 -8.3802e-18 4.73415e-18 0.150478 0.80355 4.66783e-07 0.027174 0.0187981 0 1209.55 2.45927e+14 4.07096e+26 
-5.03639 3.2008e+25 1.55061e-17 -8.08866e-18 4.54056e-18 0.1509 0.805807 5.65272e-07 0.0255896 0.0177021 0 1099.14 2.71052e+14 4.059e+26 
-4.97351 3.32438e+25 1.50063e-17 -7.80898e-18 4.35705e-18 0.151299 0.807939 6.84429e-07 0.0240937 0.0166673 0 998.887 2.98699e+14 4.04664e+26 
-4.91063 3.45208e+25 1.45238e-17 -7.54053e-18 4.18295e-18 0.151676 0.809951 8.28577e-07 0.0226817 0.0156905 0 907.851 3.29123e+14 4.03387e+26 
-4.84775 3.58401e+25 1.40578e-17 -7.28275e-18 4.01765e-18 0.152032 0.811849 1.00294e-06 0.0213493 0.0147688 0 825.171 3.62591e+14 4.02068e+26 
-4.78487 3.72031e+25 1.36077e-17 -7.03511e-18 3.8606e-18 0.152367 0.81364 1.21382e-06 0.0200925 0.0138993 0 750.073 3.99416e+14 4.00705e+26 
-4.72199 3.86111e+25 1.31729e-17 -6.79709e-18 3.71126e-18 0.152683 0.815329 1.46886e-06 0.0189071 0.0130794 0 681.854 4.39925e+14 3.99297e+26 
-4.65911 4.00656e+25 1.27527e-17 -6.56823e-18 3.56917e-18 0.152981 0.816921 1.77726e-06 0.0177896 0.0123063 0 619.877 4.84483e+14 3.97842e+26 
-4.59623 4.15679e+25 1.23467e-17 -6.3481e-18 3.43386e-18 0.153262 0.818422 2.15016e-06 0.0167361 0.0115775 0 563.566 5.33501e+14 3.9634e+26 
-4.53335 4.31196e+25 1.19542e-17 -6.13626e-18 3.30492e-18 0.153527 0.819836 2.60103e-06 0.0157433 0.0108907 0 512.399 5.87407e+14 3.94788e+26 
-4.47047 4.47223e+25 1.15748e-17 -5.93235e-18 3.18197e-18 0.153777 0.821168 3.14612e-06 0.0148079 0.0102436 0 465.901 6.46701e+14 3.93186e+26 
-4.4076 4.63774e+25 1.1208e-17 -5.73599e-18 3.06465e-18 0.154012 0.822424 3.80506e-06 0.0139267 0.00963406 0 423.643 7.1191e+14 3.9153e+26 
-4.34472 4.80866e+25 1.08533e-17 -5.54683e-18 2.95263e-18 0.154233 0.823605 4.60161e-06 0.0130968 0.00905994 0 385.235 7.83615e+14 3.89821e+26 
-4.28184 4.98516e+25 1.05103e-17 -5.36457e-18 2.8456e-18 0.154442 0.824718 5.56442e-06 0.0123152 0.00851929 0 350.325 8.6248e+14 3.88056e+26 
-4.21896 5.16743e+25 1.01786e-17 -5.18888e-18 2.74327e-18 0.154638 0.825766 6.72815e-06 0.0115794 0.00801026 0 318.591 9.49189e+14 3.86234e+26 
-4.15608 5.35562e+25 9.85765e-18 -5.01949e-18 2.64538e-18 0.154822 0.826752 8.13463e-06 0.0108867 0.00753107 0 289.742 1.04454e+15 3.84352e+26 
-4.0932 5.54995e+25 9.5472e-18 -4.85611e-18 2.55168e-18 0.154996 0.827679 9.83442e-06 0.0102347 0.00708004 0 263.516 1.14939e+15 3.82408e+26 
-4.03032 5.75058e+25 9.24684e-18 -4.69851e-18 2.46194e-18 0.15516 0.828552 1.18886e-05 0.0096211 0.00665557 0 239.671 1.26465e+15 3.80402e+26 
-3.96744 5.95773e+25 8.95621e-18 -4.54643e-18 2.37595e-18 0.155313 0.829373 1.43709e-05 0.00904371 0.00625616 0 217.991 1.3914e+15 3.7833e+26 
-3.90456 6.1716e+25 8.67498e-18 -4.39964e-18 2.2935e-18 0.155458 0.830144 1.73705e-05 0.00850046 0.00588035 0 198.278 1.53074e+15 3.76192e+26 
-3.84168 6.3924e+25 8.40281e-18 -4.25793e-18 2.21443e-18 0.155594 0.830869 2.0995e-05 0.00798939 0.00552681 0 180.353 1.68393e+15 3.73984e+26 
-3.77881 6.62035e+25 8.13941e-18 -4.12109e-18 2.13854e-18 0.155721 0.831551 2.53744e-05 0.00750864 0.00519425 0 164.053 1.85236e+15 3.71704e+26 
-3.71593 6.85567e+25 7.88446e-18 -3.98893e-18 2.06569e-18 0.155841 0.83219 3.06657e-05 0.00705647 0.00488145 0 149.229 2.0375e+15 3.69351e+26 
-3.65305 7.0986e+25 7.63767e-18 -3.86125e-18 1.99571e-18 0.155953 0.832791 3.70588e-05 0.00663121 0.00458727 0 135.749 2.24105e+15 3.66922e+26 
-3.59017 7.34938e+25 7.39878e-18 -3.73789e-18 1.92849e-18 0.156059 0.833354 4.47825e-05 0.0062313 0.00431062 0 123.488 2.46479e+15 3.64414e+26 
-3.52729 7.60825e+25 7.16752e-18 -3.61868e-18 1.86387e-18 0.156158 0.833882 5.41138e-05 0.00585525 0.00405048 0 112.338 2.71075e+15 3.61825e+26 
-3.46441 7.87547e+25 6.94362e-18 -3.50344e-18 1.80175e-18 0.15625 0.834377 6.53867e-05 0.00550167 0.00380589 0 102.197 2.98114e+15 3.59153e+26 
-3.40153 8.1513e+25 6.72685e-18 -3.39204e-18 1.74201e-18 0.156337 0.834839 7.90048e-05 0.00516925 0.00357593 0 92.9724 3.27831e+15 3.56395e+26 
-3.33865 8.43602e+25 6.51697e-18 -3.28432e-18 1.68455e-18 0.156418 0.83527 9.54558e-05 0.00485673 0.00335973 0 84.5823 3.60501e+15 3.53548e+26 
-3.27577 8.72991e+25 6.31375e-18 -3.18015e-18 1.62927e-18 0.156493 0.835672 0.000115328 0.00456294 0.0031565 0 76.9508 3.9641e+15 3.50609e+26 
-3.21289 9.03325e+25 6.11697e-18 -3.07939e-18 1.57609e-18 0.156563 0.836046 0.000139333 0.00428677 0.00296546 0 70.009 4.35877e+15 3.47575e+26 
-3.15002 9.34635e+25 5.92642e-18 -2.9819e-18 1.52492e-18 0.156628 0.836391 0.000168328 0.00402719 0.00278588 0 63.6946 4.79263e+15 3.44444e+26 
-3.08714 9.66951e+25 5.7419e-18 -2.88757e-18 1.47568e-18 0.156687 0.836709 0.000203351 0.0037832 0.0026171 0 57.9506 5.26942e+15 3.41213e+26 
-3.02426 1.00031e+26 5.56322e-18 -2.79628e-18 1.42831e-18 0.156742 0.837 0.000245652 0.00355388 0.00245846 0 52.7254 5.79352e+15 3.37877e+26 
-2.96138 1.03473e+26 5.39019e-18 -2.70791e-18 1.38276e-18 0.156791 0.837264 0.000296744 0.00333835 0.00230936 0 47.9722 6.36955e+15 3.34435e+26 
-2.8985 1.07026e+26 5.22262e-18 -2.62235e-18 1.33895e-18 0.156835 0.837501 0.00035845 0.00313578 0.00216924 0 43.6482 7.0026e+15 3.30882e+26 
-2.83562 1.10693e+26 5.06035e-18 -2.53949e-18 1.29686e-18 0.156874 0.83771 0.000432973 0.00294541 0.00203754 0 39.7146 7.69846e+15 3.27215e+26 
-2.77274 1.14478e+26 4.9032e-18 -2.45923e-18 1.25643e-18 0.156908 0.837889 0.000522971 0.0027665 0.00191378 0 36.1361 8.46311e+15 3.2343e+26 
-2.70986 1.18384e+26 4.75103e-18 -2.38145e-18 1.21764e-18 0.156936 0.838037 0.000631653 0.00259836 0.00179747 0 32.8807 9.30355e+15 3.19524e+26 
-2.64698 1.22414e+26 4.60367e-18 -2.30607e-18 1.18045e-18 0.156957 0.838151 0.00076289 0.00244034 0.00168815 0 29.9192 1.02272e+16 3.15493e+26 
-2.5841 1.26574e+26 4.46097e-18 -2.23297e-18 1.14487e-18 0.156972 0.83823 0.000921354 0.00229184 0.00158542 0 27.225 1.12422e+16 3.11334e+26 
-2.52123 1.30867e+26 4.32281e-18 -2.16206e-18 1.11087e-18 0.156979 0.838267 0.00111268 0.00215226 0.00148887 0 24.774 1.23577e+16 3.07041e+26 
-2.45835 1.35297e+26 4.18903e-18 -2.09323e-18 1.07847e-18 0.156977 0.83826 0.00134366 0.00202108 0.00139812 0 22.5442 1.35835e+16 3.02611e+26 
-2.39547 1.39869e+26 4.05952e-18 -2.0264e-18 1.04767e-18 0.156966 0.838201 0.0016225 0.00189777 0.00131282 0 20.5158 1.49305e+16 2.98039e+26 
-2.33259 1.44586e+26 3.93416e-18 -1.96145e-18 1.01851e-18 0.156944 0.838082 0.00195905 0.00178187 0.00123264 0 18.6706 1.64108e+16 2.93322e+26 
-2.26971 1.49453e+26 3.81282e-18 -1.89828e-18 9.91033e-19 0.156909 0.837895 0.00236523 0.0016729 0.00115726 0 16.992 1.80371e+16 2.88455e+26 
-2.20683 1.54475e+26 3.6954e-18 -1.83678e-18 9.6529e-19 0.156859 0.837629 0.00285535 0.00157045 0.00108639 0 15.465 1.98243e+16 2.83432e+26 
-2.14395 1.59657e+26 3.5818e-18 -1.77685e-18 9.41362e-19 0.156792 0.837268 0.00344664 0.00147411 0.00101974 0 14.0761 2.17878e+16 2.78251e+26 
-2.08107 1.65003e+26 3.47192e-18 -1.71836e-18 9.19343e-19 0.156703 0.836796 0.00415983 0.00138349 0.000957056 0 12.8128 2.39448e+16 2.72905e+26 
-2.01819 1.70517e+26 3.36567e-18 -1.66119e-18 8.99355e-19 0.156591 0.836193 0.0050198 0.00129824 0.000898082 0 11.6637 2.63148e+16 2.6739e+26 
-1.95531 1.76206e+26 3.26298e-18 -1.60521e-18 8.81544e-19 0.156448 0.835435 0.00605642 0.00121802 0.000842585 0 10.6187 2.89176e+16 2.61702e+26 
-1.89244 1.82073e+26 3.16378e-18 -1.55028e-18 8.66083e-19 0.156272 0.83449 0.00730549 0.00114249 0.000790341 0 9.66843 3.17769e+16 2.55834e+26 
-1.82956 1.88124e+26 3.068e-18 -1.49624e-18 8.53182e-19 0.156053 0.833324 0.0088098 0.00107137 0.000741139 0 8.80436 3.49168e+16 2.49784e+26 
-1.76668 1.94364e+26 2.9756e-18 -1.44293e-18 8.43086e-19 0.155786 0.831895 0.0106205 0.00100435 0.000694778 0 8.01878 3.83644e+16 2.43544e+26 
-1.7038 2.00796e+26 2.88653e-18 -1.39015e-18 8.36081e-19 0.155459 0.83015 0.0127984 0.000941164 0.000651068 0 7.3047 4.21499e+16 2.37112e+26 
-1.64092 2.07426e+26 2.80077e-18 -1.33771e-18 8.32497e-19 0.155062 0.828031 0.015416 0.00088155 0.000609829 0 6.65573 4.63044e+16 2.30482e+26 
-1.57804 2.14258e+26 2.7183e-18 -1.28538e-18 8.32713e-19 0.154581 0.825464 0.0185586 0.000825259 0.000570889 0 6.06607 5.08638e+16 2.23649e+26 
-1.51516 2.21297e+26 2.63913e-18 -1.2329e-18 8.37157e-19 0.154001 0.822365 0.0223273 0.000772057 0.000534085 0 5.53047 5.58656e+16 2.16611e+26 
-1.45228 2.28545e+26 2.56326e-18 -1.18e-18 8.46312e-19 0.153303 0.818636 0.0268403 0.000721717 0.000499262 0 5.04414 6.13503e+16 2.09363e+26 
-1.3894 2.36006e+26 2.49075e-18 -1.12636e-18 8.6071e-19 0.152464 0.81416 0.0322352 0.000674028 0.000466272 0 4.60273 6.7363e+16 2.01902e+26 
-1.32652 2.43682e+26 2.42164e-18 -1.07164e-18 8.80929e-19 0.151461 0.808804 0.0386712 0.000628787 0.000434975 0 4.2023 7.395e+16 1.94226e+26 
-1.26364 2.51575e+26 2.35601e-18 -1.01544e-18 9.07587e-19 0.150265 0.802414 0.0463305 0.000585802 0.000405239 0 3.83926 8.11625e+16 1.86333e+26 
-1.20077 2.59684e+26 2.29398e-18 -9.57351e-19 9.41323e-19 0.148842 0.794817 0.0554191 0.000544893 0.00037694 0 3.51035 8.90543e+16 1.78224e+26 
-1.13789 2.68009e+26 2.23567e-18 -8.969e-19 9.82778e-19 0.147157 0.78582 0.0661667 0.000505894 0.000349962 0 3.21263 9.76809e+16 1.69899e+26 
-1.07501 2.76546e+26 2.18125e-18 -8.33584e-19 1.03256e-18 0.145171 0.775212 0.0788244 0.00046865 0.000324198 0 2.94341 1.07102e+17 1.61361e+26 
-1.01213 2.85292e+26 2.13091e-18 -7.66862e-19 1.09119e-18 0.14284 0.762767 0.0936604 0.000433024 0.000299553 0 2.70024 1.17379e+17 1.52616e+26 
-0.94925 2.94236e+26 2.08489e-18 -6.96164e-19 1.15908e-18 0.140122 0.748251 0.110952 0.000398896 0.000275944 0 2.48092 1.28572e+17 1.43671e+26 
-0.886371 3.0337e+26 2.04346e-18 -6.209e-19 1.23643e-18 0.136973 0.731433 0.130975 0.000366167 0.000253303 0 2.28343 1.40745e+17 1.34537e+26 
-0.823492 3.12681e+26 2.00692e-18 -5.40476e-19 1.32316e-18 0.133352 0.712098 0.153984 0.000334762 0.000231578 0 2.10592 1.53957e+17 1.25227e+26 
-0.760613 3.2215e+26 1.97561e-18 -4.54314e-19 1.41886e-18 0.129225 0.690062 0.180197 0.000304633 0.000210735 0 1.94673 1.68265e+17 1.15758e+26 
-0.697734 3.31757e+26 1.94991e-18 -3.61872e-19 1.5227e-18 0.124569 0.665198 0.209766 0.00027576 0.000190762 0 1.80432 1.83725e+17 1.06151e+26 
-0.634855 3.41476e+26 1.93024e-18 -2.62677e-19 1.63344e-18 0.119374 0.637456 0.24275 0.000248155 0.000171666 0 1.67726 2.0038e+17 9.64318e+25 
-0.571976 3.51278e+26 1.91703e-18 -1.56345e-19 1.74937e-18 0.113649 0.606888 0.279088 0.000221857 0.000153473 0 1.56426 2.18266e+17 8.66299e+25 
-0.509097 3.61131e+26 1.91073e-18 -4.26133e-20 1.86844e-18 0.107428 0.573663 0.318576 0.00019693 0.00013623 0 1.46411 2.37412e+17 7.67771e+25 
-0.446218 3.70997e+26 1.91183e-18 7.86445e-20 1.98836e-18 0.100765 0.538086 0.360855 0.00017346 0.000119994 0 1.37567 2.57827e+17 6.6911e+25 
-0.383338 3.80837e+26 1.92078e-18 2.07407e-19 2.10678e-18 0.0937441 0.500594 0.405406 0.000151539 0.00010483 0 1.29788 2.79509e+17 5.70708e+25 
-0.320459 3.90611e+26 1.93807e-18 3.43512e-19 2.22155e-18 0.086468 0.461739 0.451571 0.000131259 9.08009e-05 0 1.22975 3.02444e+17 4.7297e+25 
-0.25758 4.00276e+26 1.96413e-18 4.86673e-19 2.33096e-18 0.0790577 0.422168 0.498584 0.000112696 7.79597e-05 0 1.17034 3.26593e+17 3.76315e+25 
-0.194701 4.09792e+26 1.99941e-18 6.36514e-19 2.43394e-18 0.0716429 0.382573 0.545622 9.59027e-05 6.63425e-05 0 1.11875 3.51913e+17 2.81159e+25 
-0.131822 4.1912e+26 2.04431e-18 7.92618e-19 2.53017e-18 0.064354 0.343651 0.591859 8.08956e-05 5.59611e-05 0 1.07417 3.78341e+17 1.87881e+25 
-0.0689434 4.28223e+26 2.09921e-18 9.54573e-19 2.62019e-18 0.0573124 0.306048 0.636525 6.76535e-05 4.68006e-05 0 1.03579 4.05805e+17 9.68493e+24 
-0.00606436 4.37069e+26 2.16447e-18 1.12202e-18 2.70526e-18 0.0506232 0.270328 0.678954 5.61155e-05 3.8819e-05 0 1.00291 4.34229e+17 8.38644e+23 
0.0568147 4.45633e+26 2.24042e-18 1.29472e-18 2.78729e-18 0.0443695 0.236933 0.718619 4.61859e-05 3.195e-05 0 0.974835 4.63527e+17 -7.72526e+24 
0.119694 4.53891e+26 2.3274e-18 1.47253e-18 2.86856e-18 0.0386096 0.206175 0.755151 3.77409e-05 2.6108e-05 0 0.950963 4.93613e+17 -1.5983e+25 
0.182573 4.61827e+26 2.42571e-18 1.6555e-18 2.95162e-18 0.0333772 0.178234 0.788337 3.06379e-05 2.11943e-05 0 0.930732 5.24403e+17 -2.39192e+25 
0.245452 4.69431e+26 2.5357e-18 1.84381e-18 3.03901e-18 0.028683 0.153167 0.818108 2.47244e-05 1.71036e-05 0 0.913641 5.55815e+17 -3.15228e+25 
0.308331 4.76694e+26 2.65771e-18 2.03782e-18 3.13319e-18 0.0245187 0.13093 0.844518 1.98468e-05 1.37294e-05 0 0.899242 5.8777e+17 -3.8786e+25 
0.37121 4.83616e+26 2.7921e-18 2.23803e-18 3.23638e-18 0.0208613 0.111399 0.867713 1.58572e-05 1.09695e-05 0 0.887141 6.20199e+17 -4.57083e+25 
0.434089 4.90198e+26 2.9393e-18 2.44505e-18 3.35056e-18 0.017677 0.0943952 0.887906 1.26179e-05 8.72865e-06 0 0.876995 6.53035e+17 -5.22903e+25 
0.496968 4.96445e+26 3.09975e-18 2.65965e-18 3.47746e-18 0.0149257 0.0797034 0.905354 1.00047e-05 6.92095e-06 0 0.868503 6.86221e+17 -5.85369e+25 
0.559847 5.02364e+26 3.27395e-18 2.88267e-18 3.61855e-18 0.0125643 0.0670931 0.920329 7.90857e-06 5.4709e-06 0 0.861408 7.19707e+17 -6.44559e+25 
0.622726 5.07964e+26 3.46246e-18 3.11504e-18 3.7751e-18 0.0105488 0.0563305 0.93311 6.23527e-06 4.31337e-06 0 0.855489 7.53444e+17 -7.0056e+25 
0.685605 5.13256e+26 3.66591e-18 3.35777e-18 3.94821e-18 0.00883693 0.0471892 0.943966 4.90509e-06 3.39319e-06 0 0.850555 7.87396e+17 -7.53482e+25 
0.748484 5.18252e+26 3.88497e-18 3.61192e-18 4.13887e-18 0.00738893 0.0394569 0.953148 3.8514e-06 2.66428e-06 0 0.846449 8.21528e+17 -8.03444e+25 
0.811363 5.22965e+26 4.1204e-18 3.87865e-18 4.34801e-18 0.00616836 0.032939 0.960887 3.01925e-06 2.08862e-06 0 0.843033 8.55811e+17 -8.50569e+25 
0.874242 5.27406e+26 4.37303e-18 4.15913e-18 4.5765e-18 0.00514252 0.027461 0.967392 2.36373e-06 1.63515e-06 0 0.840194 8.90222e+17 -8.94987e+25 
0.937121 5.3159e+26 4.64376e-18 4.4546e-18 4.82523e-18 0.00428246 0.0228683 0.972846 1.84844e-06 1.2787e-06 0 0.837835 9.24739e+17 -9.36826e+25 
1 5.35529e+26 4.93357e-18 4.76638e-18 5.09512e-18 0.00356288 0.0190258 0.977409 1.44413e-06 9.99005e-07 0 0.835877 9.59344e+17 -9.76217e+25 
